time	Es	Ds	Bs	As
-8554.5				
-8549.5				
-8544.5				
-8539.5				
-8534.5				
-8529.5				
-8524.5				
-8519.5				
-8514.5				
-8509.5				
-8504.5				
-8499.5				
-8494.5				
-8489.5				
-8484.5				
-8479.5				
-8474.5				
-8469.5				
-8464.5				
-8459.5				
-8454.5				
-8449.5				
-8444.5				
-8439.5				
-8434.5				
-8429.5				
-8424.5				
-8419.5				
-8414.5				
-8409.5				
-8404.5				
-8399.5				
-8394.5				
-8389.5				
-8384.5				
-8379.5				
-8374.5				
-8369.5				
-8364.5				
-8359.5				
-8354.5				
-8349.5				
-8344.5				
-8339.5				
-8334.5				
-8329.5				
-8324.5				
-8319.5				
-8314.5				
-8309.5				
-8304.5				
-8299.5				
-8294.5				
-8289.5				
-8284.5				
-8279.5				
-8274.5				
-8269.5				
-8264.5				
-8259.5				
-8254.5				
-8249.5				
-8244.5				
-8239.5				
-8234.5				
-8229.5				
-8224.5				
-8219.5				
-8214.5				
-8209.5				
-8204.5				
-8199.5				
-8194.5				
-8189.5				
-8184.5				
-8179.5				
-8174.5				
-8169.5				
-8164.5				
-8159.5				
-8154.5				
-8149.5				
-8144.5				
-8139.5				
-8134.5				
-8129.5				
-8124.5				
-8119.5				
-8114.5				
-8109.5				
-8104.5				
-8099.5				
-8094.5				
-8089.5				
-8084.5				
-8079.5				
-8074.5				
-8069.5				
-8064.5				
-8059.5				
-8054.5				
-8049.5				
-8044.5				
-8039.5				
-8034.5				
-8029.5				
-8024.5				
-8019.5				
-8014.5				
-8009.5				
-8004.5				
-7999.5				
-7994.5				
-7989.5				
-7984.5				
-7979.5				
-7974.5				
-7969.5				
-7964.5				
-7959.5				
-7954.5				
-7949.5				
-7944.5				
-7939.5				
-7934.5				
-7929.5				
-7924.5				
-7919.5				
-7914.5				
-7909.5				
-7904.5				
-7899.5				
-7894.5				
-7889.5				
-7884.5				
-7879.5				
-7874.5				
-7869.5				
-7864.5				
-7859.5				
-7854.5				
-7849.5				
-7844.5				
-7839.5				
-7834.5				
-7829.5				
-7824.5				
-7819.5				
-7814.5				
-7809.5				
-7804.5				
-7799.5				
-7794.5				
-7789.5				
-7784.5				
-7779.5				
-7774.5				
-7769.5				
-7764.5				
-7759.5				
-7754.5				
-7749.5				
-7744.5				
-7739.5				
-7734.5				
-7729.5				
-7724.5				
-7719.5				
-7714.5				
-7709.5				
-7704.5				
-7699.5				
-7694.5				
-7689.5				
-7684.5				
-7679.5				
-7674.5				
-7669.5				
-7664.5				
-7659.5				
-7654.5				
-7649.5				
-7644.5				
-7639.5				
-7634.5				
-7629.5				
-7624.5				
-7619.5				
-7614.5				
-7609.5				
-7604.5				
-7599.5				
-7594.5				
-7589.5				
-7584.5				
-7579.5				
-7574.5				
-7569.5				
-7564.5				
-7559.5				
-7554.5				
-7549.5				
-7544.5				
-7539.5				
-7534.5				
-7529.5				
-7524.5				
-7519.5				
-7514.5				
-7509.5				
-7504.5				
-7499.5				
-7494.5				
-7489.5				
-7484.5				
-7479.5				
-7474.5				
-7469.5				
-7464.5				
-7459.5				
-7454.5				
-7449.5				
-7444.5				
-7439.5				
-7434.5				
-7429.5				
-7424.5				
-7419.5				
-7414.5				
-7409.5				
-7404.5				
-7399.5				
-7394.5				
-7389.5				
-7384.5				
-7379.5				
-7374.5				
-7369.5				
-7364.5				
-7359.5				
-7354.5				
-7349.5				
-7344.5				
-7339.5				
-7334.5				
-7329.5				
-7324.5				
-7319.5				
-7314.5				
-7309.5				
-7304.5				
-7299.5				
-7294.5				
-7289.5				
-7284.5				
-7279.5				
-7274.5				
-7269.5				
-7264.5				
-7259.5				
-7254.5				
-7249.5				
-7244.5				
-7239.5				
-7234.5				
-7229.5				
-7224.5				
-7219.5				
-7214.5				
-7209.5				
-7204.5				
-7199.5				
-7194.5				
-7189.5				
-7184.5				
-7179.5				
-7174.5				
-7169.5				
-7164.5				
-7159.5				
-7154.5				
-7149.5				
-7144.5				
-7139.5				
-7134.5				
-7129.5				
-7124.5				
-7119.5				
-7114.5				
-7109.5				
-7104.5				
-7099.5				
-7094.5				
-7089.5				
-7084.5				
-7079.5				
-7074.5				
-7069.5				
-7064.5				
-7059.5				
-7054.5				
-7049.5				
-7044.5				
-7039.5				
-7034.5				
-7029.5				
-7024.5				
-7019.5				
-7014.5				
-7009.5				
-7004.5				
-6999.5				
-6994.5				
-6989.5				
-6984.5				
-6979.5				
-6974.5				
-6969.5				
-6964.5				
-6959.5				
-6954.5				
-6949.5				
-6944.5				
-6939.5				
-6934.5				
-6929.5				
-6924.5				
-6919.5				
-6914.5				
-6909.5				
-6904.5				
-6899.5				
-6894.5				
-6889.5				
-6884.5				
-6879.5				
-6874.5				
-6869.5				
-6864.5				
-6859.5				
-6854.5				
-6849.5				
-6844.5				
-6839.5				
-6834.5				
-6829.5				
-6824.5				
-6819.5				
-6814.5				
-6809.5				
-6804.5				
-6799.5				
-6794.5				
-6789.5				
-6784.5				
-6779.5				
-6774.5				
-6769.5				
-6764.5				
-6759.5				
-6754.5				
-6749.5				
-6744.5				
-6739.5				
-6734.5				
-6729.5				
-6724.5				
-6719.5				
-6714.5				
-6709.5				
-6704.5				
-6699.5				
-6694.5				
-6689.5				
-6684.5				
-6679.5				
-6674.5				
-6669.5				
-6664.5				
-6659.5				
-6654.5				
-6649.5				
-6644.5				
-6639.5				
-6634.5				
-6629.5				
-6624.5				
-6619.5				
-6614.5				
-6609.5				
-6604.5				
-6599.5				
-6594.5				
-6589.5				
-6584.5				
-6579.5				
-6574.5				
-6569.5				
-6564.5				
-6559.5				
-6554.5				
-6549.5				
-6544.5				
-6539.5				
-6534.5				
-6529.5				
-6524.5				
-6519.5				
-6514.5				
-6509.5				
-6504.5				
-6499.5				
-6494.5				
-6489.5				
-6484.5				
-6479.5				
-6474.5				
-6469.5				
-6464.5				
-6459.5				
-6454.5				
-6449.5				
-6444.5				
-6439.5				
-6434.5				
-6429.5				
-6424.5				
-6419.5				
-6414.5				
-6409.5				
-6404.5				
-6399.5				
-6394.5				
-6389.5				
-6384.5				
-6379.5				
-6374.5				
-6369.5				
-6364.5				
-6359.5				
-6354.5				
-6349.5				
-6344.5				
-6339.5				
-6334.5				
-6329.5				
-6324.5				
-6319.5				
-6314.5				
-6309.5				
-6304.5				
-6299.5				
-6294.5				
-6289.5				
-6284.5				
-6279.5				
-6274.5				
-6269.5				
-6264.5				
-6259.5				
-6254.5				
-6249.5				
-6244.5				
-6239.5				
-6234.5				
-6229.5				
-6224.5				
-6219.5				
-6214.5				
-6209.5				
-6204.5				
-6199.5				
-6194.5				
-6189.5				
-6184.5				
-6179.5				
-6174.5				
-6169.5				
-6164.5				
-6159.5				
-6154.5				
-6149.5				
-6144.5				
-6139.5				
-6134.5				
-6129.5				
-6124.5				
-6119.5				
-6114.5				
-6109.5				
-6104.5				
-6099.5				
-6094.5				
-6089.5				
-6084.5				
-6079.5				
-6074.5				
-6069.5				
-6064.5				
-6059.5				
-6054.5				
-6049.5				
-6044.5				
-6039.5				
-6034.5				
-6029.5				
-6024.5				
-6019.5				
-6014.5				
-6009.5				
-6004.5				
-5999.5				
-5994.5				
-5989.5				
-5984.5				
-5979.5				
-5974.5				
-5969.5				
-5964.5				
-5959.5				
-5954.5				
-5949.5				
-5944.5				
-5939.5				
-5934.5				
-5929.5				
-5924.5				
-5919.5				
-5914.5				
-5909.5				
-5904.5				
-5899.5				
-5894.5				
-5889.5				
-5884.5				
-5879.5				
-5874.5				
-5869.5				
-5864.5				
-5859.5				
-5854.5				
-5849.5				
-5844.5				
-5839.5				
-5834.5				
-5829.5				
-5824.5				
-5819.5				
-5814.5				
-5809.5				
-5804.5				
-5799.5				
-5794.5				
-5789.5				
-5784.5				
-5779.5				
-5774.5				
-5769.5				
-5764.5				
-5759.5				
-5754.5				
-5749.5				
-5744.5				
-5739.5				
-5734.5				
-5729.5				
-5724.5				
-5719.5				
-5714.5				
-5709.5				
-5704.5				
-5699.5				
-5694.5				
-5689.5				
-5684.5				
-5679.5				
-5674.5				
-5669.5				
-5664.5				
-5659.5				
-5654.5				
-5649.5				
-5644.5				
-5639.5				
-5634.5				
-5629.5				
-5624.5				
-5619.5				
-5614.5				
-5609.5				
-5604.5				
-5599.5				
-5594.5				
-5589.5				
-5584.5				
-5579.5				
-5574.5				
-5569.5				
-5564.5				
-5559.5				
-5554.5				
-5549.5				
-5544.5				
-5539.5				
-5534.5				
-5529.5				
-5524.5				
-5519.5				
-5514.5				
-5509.5				
-5504.5				
-5499.5				
-5494.5				
-5489.5				
-5484.5				
-5479.5				
-5474.5				
-5469.5				
-5464.5				
-5459.5				
-5454.5				
-5449.5				
-5444.5				
-5439.5				
-5434.5				
-5429.5				
-5424.5				
-5419.5				
-5414.5				
-5409.5				
-5404.5				
-5399.5				
-5394.5				
-5389.5				
-5384.5				
-5379.5				
-5374.5				
-5369.5				
-5364.5				
-5359.5				
-5354.5				
-5349.5				
-5344.5				
-5339.5				
-5334.5				
-5329.5				
-5324.5				
-5319.5				
-5314.5				
-5309.5				
-5304.5				
-5299.5				
-5294.5				
-5289.5				
-5284.5				
-5279.5				
-5274.5				
-5269.5				
-5264.5				
-5259.5				
-5254.5				
-5249.5				
-5244.5				
-5239.5				
-5234.5				
-5229.5				
-5224.5				
-5219.5				
-5214.5				
-5209.5				
-5204.5				
-5199.5				
-5194.5				
-5189.5				
-5184.5				
-5179.5				
-5174.5				
-5169.5				
-5164.5				
-5159.5				
-5154.5				
-5149.5				
-5144.5				
-5139.5				
-5134.5				
-5129.5				
-5124.5				
-5119.5				
-5114.5				
-5109.5				
-5104.5				
-5099.5				
-5094.5				
-5089.5				
-5084.5				
-5079.5				
-5074.5				
-5069.5				
-5064.5				
-5059.5				
-5054.5				
-5049.5				
-5044.5				
-5039.5				
-5034.5				
-5029.5				
-5024.5				
-5019.5				
-5014.5				
-5009.5				
-5004.5				
-4999.5				
-4994.5				
-4989.5				
-4984.5				
-4979.5				
-4974.5				
-4969.5				
-4964.5				
-4959.5				
-4954.5				
-4949.5				
-4944.5				
-4939.5				
-4934.5				
-4929.5				
-4924.5				
-4919.5				
-4914.5				
-4909.5				
-4904.5				
-4899.5				
-4894.5				
-4889.5				
-4884.5				
-4879.5				
-4874.5				
-4869.5				
-4864.5				
-4859.5				
-4854.5				
-4849.5				
-4844.5				
-4839.5				
-4834.5				
-4829.5				
-4824.5				
-4819.5				
-4814.5				
-4809.5				
-4804.5				
-4799.5				
-4794.5				
-4789.5				
-4784.5				
-4779.5				
-4774.5				
-4769.5				
-4764.5				
-4759.5				
-4754.5				
-4749.5				
-4744.5				
-4739.5				
-4734.5				
-4729.5				
-4724.5				
-4719.5				
-4714.5				
-4709.5				
-4704.5				
-4699.5				
-4694.5				
-4689.5				
-4684.5				
-4679.5				
-4674.5				
-4669.5				
-4664.5				
-4659.5				
-4654.5				
-4649.5				
-4644.5				
-4639.5				
-4634.5				
-4629.5				
-4624.5				
-4619.5				
-4614.5				
-4609.5				
-4604.5				
-4599.5				
-4594.5				
-4589.5				
-4584.5				
-4579.5				
-4574.5				
-4569.5				
-4564.5				
-4559.5				
-4554.5				
-4549.5				
-4544.5				
-4539.5				
-4534.5				
-4529.5				
-4524.5				
-4519.5				
-4514.5				
-4509.5				
-4504.5				
-4499.5				
-4494.5				
-4489.5				
-4484.5				
-4479.5				
-4474.5				
-4469.5				
-4464.5				
-4459.5				
-4454.5				
-4449.5				
-4444.5				
-4439.5				
-4434.5				
-4429.5				
-4424.5				
-4419.5				
-4414.5				
-4409.5				
-4404.5				
-4399.5				
-4394.5				
-4389.5				
-4384.5				
-4379.5				
-4374.5				
-4369.5				
-4364.5				
-4359.5				
-4354.5				
-4349.5				
-4344.5				
-4339.5				
-4334.5				
-4329.5				
-4324.5				
-4319.5				
-4314.5				
-4309.5				
-4304.5				
-4299.5				
-4294.5				
-4289.5				
-4284.5				
-4279.5				
-4274.5				
-4269.5				
-4264.5				
-4259.5				
-4254.5				
-4249.5				
-4244.5				
-4239.5				
-4234.5				
-4229.5				
-4224.5				
-4219.5				
-4214.5				
-4209.5				
-4204.5				
-4199.5				
-4194.5				
-4189.5				
-4184.5				
-4179.5				
-4174.5				
-4169.5				
-4164.5				
-4159.5				
-4154.5				
-4149.5				
-4144.5				
-4139.5				
-4134.5				
-4129.5				
-4124.5				
-4119.5				
-4114.5				
-4109.5				
-4104.5				
-4099.5				
-4094.5				
-4089.5				
-4084.5				
-4079.5				
-4074.5				
-4069.5				
-4064.5				
-4059.5				
-4054.5				
-4049.5				
-4044.5				
-4039.5				
-4034.5				
-4029.5				
-4024.5				
-4019.5				
-4014.5				
-4009.5				
-4004.5				
-3999.5				
-3994.5				
-3989.5				
-3984.5				
-3979.5				
-3974.5				
-3969.5				
-3964.5				
-3959.5				
-3954.5				
-3949.5				
-3944.5				
-3939.5				
-3934.5				
-3929.5				
-3924.5				
-3919.5				
-3914.5				
-3909.5				
-3904.5				
-3899.5				
-3894.5				
-3889.5				
-3884.5				
-3879.5				
-3874.5				
-3869.5				
-3864.5				
-3859.5				
-3854.5				
-3849.5				
-3844.5				
-3839.5				
-3834.5				
-3829.5				
-3824.5				
-3819.5				
-3814.5				
-3809.5				
-3804.5				
-3799.5				
-3794.5				
-3789.5				
-3784.5				
-3779.5				
-3774.5				
-3769.5				
-3764.5				
-3759.5				
-3754.5				
-3749.5				
-3744.5				
-3739.5				
-3734.5				
-3729.5				
-3724.5				
-3719.5				
-3714.5				
-3709.5				
-3704.5				
-3699.5				
-3694.5				
-3689.5				
-3684.5				
-3679.5				
-3674.5				
-3669.5				
-3664.5				
-3659.5				
-3654.5				
-3649.5				
-3644.5				
-3639.5				
-3634.5	0			
-3629.5	0.00E+00			
-3624.5	0.00E+00			
-3619.5	0.00E+00			
-3614.5	0.00E+00			
-3609.5	0.00E+00			
-3604.5	0.00E+00			
-3599.5	0.00E+00			
-3594.5	0.00E+00			
-3589.5	0.00E+00			
-3584.5	0			
-3579.5	0.00E+00			
-3574.5	0.00E+00			
-3569.5	0.00E+00			
-3564.5	0.00E+00			
-3559.5	0.00E+00			
-3554.5	0.00E+00			
-3549.5	0.00E+00			
-3544.5	0			
-3539.5	0.00E+00			
-3534.5	0.00E+00			
-3529.5	0.00E+00			
-3524.5	0.00E+00			
-3519.5	0.00E+00			
-3514.5	0.00E+00			
-3509.5	0.00E+00			
-3504.5	0.00E+00			
-3499.5	0.00E+00			
-3494.5	0.00E+00			
-3489.5	0.00E+00			
-3484.5	0.00E+00			
-3479.5	0.00E+00			
-3474.5	0.00E+00			
-3469.5	0.00E+00			
-3464.5	0			
-3459.5	0			
-3454.5	0.00E+00			
-3449.5	0.00E+00			
-3444.5	0.00E+00			
-3439.5	0			
-3434.5	0			
-3429.5	0.00E+00			
-3424.5	0			
-3419.5	0			
-3414.5	0.00E+00			
-3409.5	0.00E+00			
-3404.5	0.00E+00			
-3399.5	0.00E+00			
-3394.5	0.00E+00			
-3389.5	0.00E+00			
-3384.5	0			
-3379.5	0.00E+00			
-3374.5	0.00E+00			
-3369.5	0.00E+00			
-3364.5	0.00E+00			
-3359.5	0.00E+00			
-3354.5	0.00E+00			
-3349.5	0			
-3344.5	0.00E+00			
-3339.5	0.00E+00			
-3334.5	1.47E-05			
-3329.5	0.00005278			
-3324.5	1.58E-04			
-3319.5	2.99E-04			
-3314.5	5.13E-04			
-3309.5	0.0008328			
-3304.5	0.0012903			
-3299.5	0.0016246			
-3294.5	2.03E-03			
-3289.5	2.35E-03			
-3284.5	2.61E-03			
-3279.5	0.003176			
-3274.5	0.003604			
-3269.5	3.90E-03			
-3264.5	4.57E-03			
-3259.5	4.89E-03			
-3254.5	5.67E-03			
-3249.5	6.27E-03			
-3244.5	0.007067			
-3239.5	0.007801			
-3234.5	8.04E-03			
-3229.5	8.75E-03			
-3224.5	8.99E-03			
-3219.5	9.53E-03			
-3214.5	9.24E-03			
-3209.5	0.009097			
-3204.5	8.67E-03			
-3199.5	8.46E-03			
-3194.5	8.09E-03			
-3189.5	7.44E-03			
-3184.5	0.006806			
-3179.5	0.006543			
-3174.5	0.00627			
-3169.5	0.005889			
-3164.5	5.54E-03			
-3159.5	5.13E-03			
-3154.5	0.004818			
-3149.5	3.92E-03			
-3144.5	3.19E-03			
-3139.5	0.0025367			
-3134.5	1.79E-03			
-3129.5	0.0012287			
-3124.5	0.0007419			
-3119.5	3.02E-04			
-3114.5	0.00018475			
-3109.5	0.00005572			
-3104.5	2.35E-05			
-3099.5	0.00E+00			
-3094.5	0			
-3089.5	0.00E+00			
-3084.5				
-3079.5				
-3074.5				
-3069.5				
-3064.5				
-3059.5				
-3054.5				
-3049.5				
-3044.5				
-3039.5				
-3034.5				
-3029.5				
-3024.5				
-3019.5				
-3014.5				
-3009.5				
-3004.5				
-2999.5				
-2994.5				
-2989.5				
-2984.5				
-2979.5				
-2974.5				
-2969.5				
-2964.5				
-2959.5				
-2954.5				
-2949.5				
-2944.5				
-2939.5				
-2934.5				
-2929.5				
-2924.5				
-2919.5				
-2914.5				
-2909.5				
-2904.5				
-2899.5				
-2894.5				
-2889.5				
-2884.5				
-2879.5				
-2874.5				
-2869.5				
-2864.5				
-2859.5				
-2854.5				
-2849.5				
-2844.5				
-2839.5				
-2834.5				
-2829.5				
-2824.5				
-2819.5				
-2814.5				
-2809.5				
-2804.5				
-2799.5				
-2794.5				
-2789.5				
-2784.5				
-2779.5				
-2774.5				
-2769.5				
-2764.5				
-2759.5				
-2754.5				
-2749.5				
-2744.5				
-2739.5				
-2734.5				
-2729.5				
-2724.5				
-2719.5				
-2714.5				
-2709.5				
-2704.5				
-2699.5				
-2694.5				
-2689.5				
-2684.5				
-2679.5				
-2674.5				
-2669.5				
-2664.5				
-2659.5				
-2654.5				
-2649.5				
-2644.5				
-2639.5				
-2634.5				
-2629.5				
-2624.5				
-2619.5				
-2614.5				
-2609.5				
-2604.5				
-2599.5				
-2594.5				
-2589.5				
-2584.5				
-2579.5		0		
-2574.5		0.00E+00		
-2569.5		0.00E+00		
-2564.5		0.00E+00		
-2559.5		0.00E+00		
-2554.5		0.00E+00		
-2549.5		0.00E+00		
-2544.5		0.00E+00		
-2539.5		0.00E+00		
-2534.5		0.00E+00		
-2529.5		0		
-2524.5		0.00E+00		
-2519.5		0.00E+00		
-2514.5		0.00E+00		
-2509.5		0.00E+00		
-2504.5		0.00E+00		
-2499.5		0.00E+00		
-2494.5		0.00E+00		
-2489.5		0		
-2484.5		0.00E+00		
-2479.5		0.00E+00		
-2474.5		0.00E+00		
-2469.5		0.00E+00		
-2464.5		0.00E+00		
-2459.5		0.00E+00		
-2454.5		4.69E-05		
-2449.5		7.33E-05		
-2444.5		3.02E-04		
-2439.5		4.52E-04		
-2434.5		8.30E-04		
-2429.5		1.21E-03		
-2424.5		1.63E-03		
-2419.5		2.18E-03		
-2414.5		3.04E-03		
-2409.5		0.004015		
-2404.5		0.005035		
-2399.5		5.77E-03		
-2394.5		6.61E-03		
-2389.5		7.28E-03		
-2384.5		0.007762		
-2379.5		0.007938		
-2374.5		8.79E-03		
-2369.5		0.009971		
-2364.5		0.011434		
-2359.5		1.23E-02		
-2354.5		1.31E-02		
-2349.5		1.37E-02		
-2344.5		1.36E-02		
-2339.5		1.24E-02		
-2334.5		1.10E-02		
-2329.5		0.009419		
-2324.5		8.26E-03		
-2319.5		6.17E-03		
-2314.5		4.87E-03		
-2309.5		3.60E-03		
-2304.5		2.38E-03		
-2299.5		1.43E-03		
-2294.5		0.0008915		
-2289.5		4.81E-04		
-2284.5		3.46E-04		
-2279.5		2.32E-04		
-2274.5		0.00023461		
-2269.5		2.11E-04		
-2264.5		2.14E-04		
-2259.5		2.14E-04		
-2254.5		0.00020822		
-2249.5		0.00017009		
-2244.5		0.00017302		
-2239.5		7.33E-05		
-2234.5		5.28E-05		
-2229.5		2.93E-05		
-2224.5		0.000008797		
-2219.5		0.000014657		
-2214.5		0.00E+00		
-2209.5		0.00E+00		
-2204.5		0.00E+00		
-2199.5		0.00E+00		
-2194.5		0.00E+00		
-2189.5		0		
-2184.5		0		
-2179.5		0.00E+00		
-2174.5		0.00E+00		
-2169.5		0.00E+00		
-2164.5		0.00E+00		
-2159.5		0.00E+00		
-2154.5		0		
-2149.5		0.00E+00		
-2144.5		0.00E+00		
-2139.5		0.00E+00		
-2134.5		0.00E+00		
-2129.5		0		
-2124.5		0		
-2119.5		0		
-2114.5		0		
-2109.5		0.00E+00		
-2104.5		0.00E+00		
-2099.5		0		
-2094.5		0.00E+00		
-2089.5		0.00E+00		
-2084.5		0		
-2079.5		0.00E+00		
-2074.5		0		
-2069.5		0		
-2064.5		0.00E+00		
-2059.5		0		
-2054.5		0		
-2049.5		0.00E+00		
-2044.5		0.00E+00		
-2039.5		0		
-2034.5		0.00E+00		
-2029.5		0		
-2024.5		0.00E+00		
-2019.5		0		
-2014.5				
-2009.5				
-2004.5				
-1999.5				
-1994.5				
-1989.5				
-1984.5				
-1979.5				
-1974.5				
-1969.5				
-1964.5				
-1959.5				
-1954.5				
-1949.5				
-1944.5				
-1939.5				
-1934.5				
-1929.5				
-1924.5				
-1919.5				
-1914.5				
-1909.5				
-1904.5				
-1899.5				
-1894.5				
-1889.5				
-1884.5				
-1879.5				
-1874.5				
-1869.5				
-1864.5				
-1859.5				
-1854.5				
-1849.5				
-1844.5				
-1839.5				
-1834.5				
-1829.5				
-1824.5				
-1819.5				
-1814.5				
-1809.5				
-1804.5				
-1799.5				
-1794.5				
-1789.5				
-1784.5				
-1779.5				
-1774.5				
-1769.5				
-1764.5				
-1759.5				
-1754.5				
-1749.5				
-1744.5				
-1739.5				
-1734.5				
-1729.5				
-1724.5				
-1719.5				
-1714.5				
-1709.5				
-1704.5				
-1699.5				
-1694.5				
-1689.5				
-1684.5				
-1679.5				
-1674.5				
-1669.5				
-1664.5				
-1659.5				
-1654.5				
-1649.5				
-1644.5				
-1639.5				
-1634.5				
-1629.5				
-1624.5				
-1619.5				
-1614.5				
-1609.5				
-1604.5				
-1599.5				
-1594.5				
-1589.5				
-1584.5				
-1579.5				
-1574.5				
-1569.5				
-1564.5				
-1559.5				
-1554.5				
-1549.5				
-1544.5				
-1539.5				
-1534.5				
-1529.5				
-1524.5				
-1519.5				
-1514.5				
-1509.5				
-1504.5				
-1499.5				
-1494.5				
-1489.5				
-1484.5				
-1479.5				
-1474.5				
-1469.5				
-1464.5				
-1459.5				
-1454.5				
-1449.5				
-1444.5				
-1439.5				
-1434.5				
-1429.5				
-1424.5			0	
-1419.5			0.00E+00	
-1414.5			0.00E+00	
-1409.5			0.00E+00	
-1404.5			0.00E+00	
-1399.5			0.00E+00	
-1394.5			0.00E+00	
-1389.5			0.00E+00	
-1384.5			0.00E+00	
-1379.5			0.00E+00	
-1374.5			0	
-1369.5			0.00E+00	
-1364.5			0.00E+00	
-1359.5			0.00E+00	
-1354.5			0.00E+00	
-1349.5			0.00E+00	
-1344.5			0.00E+00	
-1339.5			0.00E+00	
-1334.5			0	
-1329.5			0.00E+00	
-1324.5			0.00E+00	
-1319.5			0.00E+00	
-1314.5			0.00E+00	
-1309.5			0.00E+00	
-1304.5			0.00E+00	
-1299.5			0.00E+00	
-1294.5			0.00E+00	
-1289.5			0.00E+00	
-1284.5			0.00E+00	
-1279.5			0.00E+00	
-1274.5			0.00E+00	
-1269.5			0.00E+00	
-1264.5			0.00E+00	
-1259.5			0.00E+00	
-1254.5			0	
-1249.5			0	
-1244.5			0.00E+00	
-1239.5			0.00E+00	
-1234.5			0.00E+00	
-1229.5			0	
-1224.5			0	
-1219.5			0.00E+00	
-1214.5			0	
-1209.5			0	
-1204.5			0.00E+00	
-1199.5			0.00E+00	
-1194.5			0.00E+00	
-1189.5			0.00E+00	
-1184.5			0.00E+00	
-1179.5			0.00E+00	
-1174.5			0	
-1169.5			0.00E+00	
-1164.5			0.00E+00	
-1159.5			0.00E+00	
-1154.5			0.00E+00	
-1149.5			0.00E+00	
-1144.5			0.00E+00	
-1139.5			0	
-1134.5			0.00E+00	
-1129.5			0.00E+00	
-1124.5			0.00E+00	
-1119.5			0	
-1114.5			0.00E+00	
-1109.5			0.00E+00	
-1104.5			0.00E+00	
-1099.5			0	
-1094.5			0	
-1089.5			0	
-1084.5			0.00E+00	
-1079.5			0.00E+00	
-1074.5			0.00E+00	
-1069.5			0	
-1064.5			0	
-1059.5			0.00E+00	
-1054.5			0.00E+00	
-1049.5			0.00E+00	
-1044.5			0.00E+00	
-1039.5			0.00E+00	
-1034.5			0	
-1029.5			0	
-1024.5			0.00E+00	
-1019.5			0.00E+00	
-1014.5			0.00E+00	
-1009.5			0.00E+00	
-1004.5			0.00E+00	
-999.5			0	
-994.5			0.00E+00	
-989.5			0.00E+00	
-984.5			0.00E+00	
-979.5			0.00E+00	
-974.5			0	
-969.5			0	
-964.5			0	
-959.5			0	
-954.5			0.00E+00	
-949.5			0.00E+00	
-944.5			0	
-939.5			0.00E+00	
-934.5			0.00E+00	
-929.5			0	
-924.5			0.00E+00	
-919.5			0	
-914.5			0	
-909.5			0.00E+00	
-904.5			0	
-899.5			0	
-894.5			0.00E+00	
-889.5			0.00E+00	
-884.5			0	
-879.5			0.00E+00	
-874.5			0	
-869.5			0.00E+00	
-864.5			0	
-859.5			0.00E+00	
-854.5			0.00E+00	
-849.5			0	
-844.5			0	
-839.5			0	
-834.5			0.00E+00	
-829.5			0	
-824.5			0.00E+00	
-819.5			0	
-814.5			0	
-809.5			0	
-804.5			0.00E+00	
-799.5			0.00E+00	
-794.5			5.28E-05	
-789.5			0.0005425	
-784.5			0.0015718	
-779.5			0.002783	
-774.5			0.004126	
-769.5			0.005519	
-764.5			0.006276	
-759.5			0.00649	
-754.5			0.006375	
-749.5			0.006261	
-744.5			0.006337	
-739.5			0.00561	
-734.5			0.005839	
-729.5			0.00573	
-724.5			0.005554	
-719.5			0.005701	
-714.5			0.005666	
-709.5			0.005545	
-704.5			0.00549	
-699.5			0.005651	
-694.5			0.005768	
-689.5			0.00576	
-684.5			0.005507	
-679.5			0.005287	
-674.5			0.005056	
-669.5			0.005012	
-664.5			0.00507	
-659.5			0.004566	
-654.5			0.004815	
-649.5			0.004657	
-644.5			0.004683	
-639.5			0.004472	
-634.5			0.004364	
-629.5			0.004123	
-624.5			0.004062	
-619.5			0.003557	
-614.5			0.003428	
-609.5			0.003243	
-604.5			0.003044	
-599.5			0.0026452	
-594.5			0.0024311	
-589.5			0.0021408	
-584.5			1.90E-03	
-579.5			1.67E-03	
-574.5			0.0013842	
-569.5			0.0012141	
-564.5			0.0010352	
-559.5			0.0007331	
-554.5			0.0005806	
-549.5			0.00028152	
-544.5			0.00009678	
-539.5			4.40E-05	
-534.5			3.52E-05	
-529.5			5.57E-05	
-524.5			0.00001466	
-519.5			3.23E-05	
-514.5			1.17E-05	
-509.5			5.87E-06	
-504.5			1.47E-05	
-499.5			5.87E-06	
-494.5			5.87E-06	
-489.5			1.47E-05	
-484.5			5.87E-06	
-479.5			0.00E+00	
-474.5			1.17E-05	
-469.5			2.93E-06	
-464.5			2.93E-06	
-459.5			0.00E+00	
-454.5			8.80E-06	
-449.5			1.17E-05	
-444.5			2.93E-06	
-439.5			0.00E+00	
-434.5			2.93E-06	
-429.5			0.00E+00	
-424.5			0.00E+00	
-419.5			2.93E-06	
-414.5			0.00E+00	
-409.5			0.00E+00	
-404.5			0.00E+00	
-399.5				
-394.5				
-389.5				
-384.5				
-379.5				
-374.5				
-369.5				
-364.5				
-359.5				
-354.5				
-349.5				
-344.5				
-339.5				
-334.5				
-329.5				
-324.5				
-319.5				
-314.5				
-309.5				
-304.5				
-299.5				
-294.5				
-289.5				
-284.5				
-279.5				
-274.5				
-269.5				
-264.5				
-259.5				
-254.5				
-249.5				
-244.5				
-239.5				
-234.5				
-229.5				
-224.5				
-219.5				
-214.5				
-209.5				
-204.5				
-199.5				
-194.5				
-189.5				
-184.5				
-179.5				
-174.5				
-169.5				
-164.5				
-159.5				
-154.5				
-149.5				
-144.5				
-139.5				
-134.5				
-129.5				
-124.5				
-119.5				
-114.5				
-109.5				
-104.5				
-99.5				
-94.5				
-89.5				
-84.5				
-79.5				
-74.5				
-69.5				
-64.5				
-59.5				
-54.5				
-49.5				
-44.5				
-39.5				
-34.5				
-29.5				
-24.5				
-19.5				
-14.5				
-9.5				
-4.5				
0.5				
5.5				
10.5				
15.5				
20.5				
25.5				
30.5				
35.5				
40.5				
45.5				
50.5				
55.5				
60.5				
65.5				
70.5				
75.5				
80.5				
85.5				
90.5				
95.5				
100.5				
105.5				
110.5				
115.5				
120.5				
125.5				
130.5				
135.5				
140.5				
145.5				
150.5				
155.5				
160.5				
165.5				
170.5				
175.5				
180.5				
185.5				0
190.5				0.00E+00
195.5				0.00E+00
200.5				0.00E+00
205.5				0.00E+00
210.5				0.00E+00
215.5				0.00E+00
220.5				0.00E+00
225.5				0.00E+00
230.5				0.00E+00
235.5				0
240.5				0.00E+00
245.5				0.00E+00
250.5				0.00E+00
255.5				0.00E+00
260.5				0.00E+00
265.5				0.00E+00
270.5				0.00E+00
275.5				0
280.5				0.00E+00
285.5				0.00E+00
290.5				0.00E+00
295.5				0.00E+00
300.5				0.00E+00
305.5				0.00E+00
310.5				0.00E+00
315.5				0.00E+00
320.5				0.00E+00
325.5				0.00E+00
330.5				0.00E+00
335.5				0.00E+00
340.5				0.00E+00
345.5				0.00E+00
350.5				0.00E+00
355.5				0
360.5				0
365.5				0.00E+00
370.5				0.00E+00
375.5				0.00E+00
380.5				0
385.5				0
390.5				0.00E+00
395.5				0
400.5				0
405.5				0.00E+00
410.5				0.00E+00
415.5				0.00E+00
420.5				0.00E+00
425.5				0.00E+00
430.5				0.00E+00
435.5				0
440.5				0.00E+00
445.5				0.00E+00
450.5				0.00E+00
455.5				0.00E+00
460.5				0.00E+00
465.5				0.00E+00
470.5				0
475.5				0.00E+00
480.5				0.00E+00
485.5				0.00E+00
490.5				0
495.5				0.00E+00
500.5				0.00E+00
505.5				0.00E+00
510.5				0
515.5				0
520.5				0
525.5				0.00E+00
530.5				0.00E+00
535.5				0.00E+00
540.5				0
545.5				0
550.5				0.00E+00
555.5				0.00E+00
560.5				0.00E+00
565.5				0.00E+00
570.5				0.00E+00
575.5				0
580.5				0
585.5				0.00E+00
590.5				0.00E+00
595.5				0.00E+00
600.5				0.00E+00
605.5				0.00E+00
610.5				0
615.5				0.00E+00
620.5				0.00E+00
625.5				0.00E+00
630.5				0.00E+00
635.5				0
640.5				0
645.5				0
650.5				0
655.5				0.00E+00
660.5				0.00E+00
665.5				0
670.5				0.00E+00
675.5				5.87E-06
680.5				2.93E-06
685.5				1.76E-05
690.5				0.00003226
695.5				0.00009677
700.5				8.80E-05
705.5				0.00012317
710.5				0.00014956
715.5				2.46E-04
720.5				2.46E-04
725.5				0.00031378
730.5				4.08E-04
735.5				0.0005073
740.5				5.54E-04
745.5				0.0006452
750.5				6.13E-04
755.5				6.36E-04
760.5				0.0005543
765.5				0.0008739
770.5				0.0006892
775.5				7.89E-04
780.5				0.000912
785.5				9.38E-04
790.5				0.0009355
795.5				0.0010147
800.5				0.0010293
805.5				1.09E-03
810.5				1.20E-03
815.5				1.13E-03
820.5				0.0013226
825.5				0.0013196
830.5				0.0012903
835.5				0.0013226
840.5				0.001434
845.5				0.0013842
850.5				0.0015513
855.5				0.0016745
860.5				0.0016188
865.5				0.0016921
870.5				0.001651
875.5				0.0016774
880.5				0.001871
885.5				0.0017302
890.5				0.001824
895.5				0.0017038
900.5				0.0017331
905.5				0.0018211
910.5				0.0017419
915.5				0.0016217
920.5				0.0018211
925.5				0.0019267
930.5				0.0018299
935.5				0.0018504
940.5				0.0018534
945.5				0.0017977
950.5				0.0017361
955.5				0.0019208
960.5				0.0017683
965.5				0.0018446
970.5				0.0018123
975.5				0.0018387
980.5				0.0017801
985.5				0.0018358
990.5				0.0019003
995.5				0.0019179
1000.5				0.0017478
1005.5				0.0019179
1010.5				0.0017742
1015.5				0.0017566
1020.5				0.0018856
1025.5				1.81E-03
1030.5				1.85E-03
1035.5				0.0019179
1040.5				0.0018328
1045.5				0.0017918
1050.5				0.0017889
1055.5				0.0018827
1060.5				0.0018387
1065.5				0.0019091
1070.5				1.89E-03
1075.5				1.70E-03
1080.5				1.84E-03
1085.5				0.0017507
1090.5				1.77E-03
1095.5				1.72E-03
1100.5				1.76E-03
1105.5				1.77E-03
1110.5				1.82E-03
1115.5				1.86E-03
1120.5				1.77E-03
1125.5				1.86E-03
1130.5				1.61E-03
1135.5				1.67E-03
1140.5				1.94E-03
1145.5				1.87E-03
1150.5				1.71E-03
1155.5				1.86E-03
1160.5				1.75E-03
1165.5				1.82E-03
1170.5				1.88E-03
1175.5				1.73E-03
1180.5				1.73E-03
1185.5				1.72E-03
1190.5				1.81E-03
1195.5				1.77E-03
1200.5				1.65E-03
1205.5				1.76E-03
1210.5				1.71E-03
1215.5				1.72E-03
1220.5				0.0016716
1225.5				0.0017126
1230.5				0.0018446
1235.5				0.0017097
1240.5				0.0018416
1245.5				0.0018534
1250.5				0.0017009
1255.5				0.0017214
1260.5				0.0017947
1265.5				0.0017361
1270.5				0.0018416
1275.5				0.0017947
1280.5				0.001783
1285.5				0.0017654
1290.5				0.0016716
1295.5				0.0016364
1300.5				0.0015924
1305.5				0.0015249
1310.5				0.0013021
1315.5				0.0012082
1320.5				0.0012581
1325.5				0.001085
1330.5				0.0010264
1335.5				0.0009355
1340.5				0.0007947
1345.5				0.0008387
1350.5				0.0007243
1355.5				0.0006129
1360.5				0.0005161
1365.5				4.05E-04
1370.5				4.40E-04
1375.5				0.0003754
1380.5				0.00028739
1385.5				0.00024633
1390.5				0.00018768
1395.5				1.23E-04
1400.5				8.50E-05
1405.5				0.00003519
1410.5				0.00004985
1415.5				0.000023461
1420.5				0.00001173
1425.5				0.000005865
1430.5				0.000005865
1435.5				0
1440.5				0
1445.5				0
1450.5				
1455.5				
1460.5				
1465.5				
1470.5				
1475.5				
1480.5				
1485.5				
1490.5				
1495.5				
1500.5				
1505.5				
1510.5				
1515.5				
1520.5				
1525.5				
1530.5				
1535.5				
1540.5				
1545.5				
1550.5				
1555.5				
1560.5				
1565.5				
1570.5				
1575.5				
1580.5				
1585.5				
1590.5				
1595.5				
1600.5				
1605.5				
1610.5				
1615.5				
1620.5				
1625.5				
1630.5				
1635.5				
1640.5				
1645.5				
1650.5				
1655.5				
1660.5				
1665.5				
1670.5				
1675.5				
1680.5				
1685.5				
1690.5				
1695.5				
1700.5				
1705.5				
1710.5				
1715.5				
1720.5				
1725.5				
1730.5				
1735.5				
1740.5				
1745.5				
1750.5				
1755.5				
1760.5				
1765.5				
1770.5				
1775.5				
1780.5				
1785.5				
1790.5				
1795.5				
1800.5				
1805.5				
1810.5				
1815.5				
1820.5				
1825.5				
1830.5				
1835.5				
1840.5				
1845.5				
1850.5				
1855.5				
1860.5				
1865.5				
1870.5				
1875.5				
1880.5				
1885.5				
1890.5				
1895.5				
1900.5				
1905.5				
1910.5				
1915.5				
1920.5				
1925.5				
1930.5				
1935.5				
1940.5				
1945.5				
1950.5				