time	C2	C1
-8554.5		
-8549.5		
-8544.5		
-8539.5		
-8534.5		
-8529.5		
-8524.5		
-8519.5		
-8514.5		
-8509.5		
-8504.5		
-8499.5		
-8494.5		
-8489.5		
-8484.5		
-8479.5		
-8474.5		
-8469.5		
-8464.5		
-8459.5		
-8454.5		
-8449.5		
-8444.5		
-8439.5		
-8434.5		
-8429.5		
-8424.5		
-8419.5		
-8414.5		
-8409.5		
-8404.5		
-8399.5		
-8394.5		
-8389.5		
-8384.5		
-8379.5		
-8374.5		
-8369.5		
-8364.5		
-8359.5		
-8354.5		
-8349.5		
-8344.5		
-8339.5		
-8334.5		
-8329.5		
-8324.5		
-8319.5		
-8314.5		
-8309.5		
-8304.5		
-8299.5		
-8294.5		
-8289.5		
-8284.5		
-8279.5		
-8274.5		
-8269.5		
-8264.5		
-8259.5		
-8254.5		
-8249.5		
-8244.5		
-8239.5		
-8234.5		
-8229.5		
-8224.5		
-8219.5		
-8214.5		
-8209.5		
-8204.5		
-8199.5		
-8194.5		
-8189.5		
-8184.5		
-8179.5		
-8174.5		
-8169.5		
-8164.5		
-8159.5		
-8154.5		
-8149.5		
-8144.5		
-8139.5		
-8134.5		
-8129.5		
-8124.5		
-8119.5		
-8114.5		
-8109.5		
-8104.5		
-8099.5		
-8094.5		
-8089.5		
-8084.5		
-8079.5		
-8074.5		
-8069.5		
-8064.5		
-8059.5		
-8054.5		
-8049.5		
-8044.5		
-8039.5		
-8034.5		
-8029.5		
-8024.5		
-8019.5		
-8014.5		
-8009.5		
-8004.5		
-7999.5		
-7994.5		
-7989.5		
-7984.5		
-7979.5		
-7974.5		
-7969.5		
-7964.5		
-7959.5		
-7954.5		
-7949.5		
-7944.5		
-7939.5		
-7934.5		
-7929.5		
-7924.5		
-7919.5		
-7914.5		
-7909.5		
-7904.5		
-7899.5		
-7894.5		
-7889.5		
-7884.5		
-7879.5		
-7874.5		
-7869.5		
-7864.5		
-7859.5		
-7854.5		
-7849.5		
-7844.5		
-7839.5		
-7834.5		
-7829.5		
-7824.5		
-7819.5		
-7814.5		
-7809.5		
-7804.5		
-7799.5		
-7794.5		
-7789.5		
-7784.5		
-7779.5		
-7774.5		
-7769.5		
-7764.5		
-7759.5		
-7754.5		
-7749.5		
-7744.5		
-7739.5		
-7734.5		
-7729.5		
-7724.5		
-7719.5		
-7714.5		
-7709.5		
-7704.5		
-7699.5		
-7694.5		
-7689.5		
-7684.5		
-7679.5		
-7674.5		
-7669.5		
-7664.5		
-7659.5		
-7654.5		
-7649.5		
-7644.5		
-7639.5		
-7634.5		
-7629.5		
-7624.5		
-7619.5		
-7614.5		
-7609.5		
-7604.5		
-7599.5		
-7594.5		
-7589.5		
-7584.5		
-7579.5		
-7574.5		
-7569.5		
-7564.5		
-7559.5		
-7554.5		
-7549.5		
-7544.5		
-7539.5		
-7534.5		
-7529.5		
-7524.5		
-7519.5		
-7514.5		
-7509.5		
-7504.5		
-7499.5		
-7494.5		
-7489.5		
-7484.5		
-7479.5		
-7474.5		
-7469.5		
-7464.5		
-7459.5		
-7454.5		
-7449.5		
-7444.5		
-7439.5		
-7434.5		
-7429.5		
-7424.5		
-7419.5		
-7414.5		
-7409.5		
-7404.5		
-7399.5		
-7394.5		
-7389.5		
-7384.5		
-7379.5		
-7374.5		
-7369.5		
-7364.5		
-7359.5		
-7354.5		
-7349.5		
-7344.5		
-7339.5		
-7334.5		
-7329.5		
-7324.5		
-7319.5		
-7314.5		
-7309.5		
-7304.5		
-7299.5		
-7294.5		
-7289.5		
-7284.5		
-7279.5		
-7274.5		
-7269.5		
-7264.5		
-7259.5		
-7254.5		
-7249.5		
-7244.5		
-7239.5		
-7234.5		
-7229.5		
-7224.5		
-7219.5		
-7214.5		
-7209.5		
-7204.5		
-7199.5		
-7194.5		
-7189.5		
-7184.5		
-7179.5		
-7174.5		
-7169.5		
-7164.5		
-7159.5		
-7154.5		
-7149.5		
-7144.5		
-7139.5		
-7134.5		
-7129.5		
-7124.5		
-7119.5		
-7114.5		
-7109.5		
-7104.5		
-7099.5		
-7094.5		
-7089.5		
-7084.5		
-7079.5		
-7074.5		
-7069.5		
-7064.5		
-7059.5		
-7054.5		
-7049.5		
-7044.5		
-7039.5		
-7034.5		
-7029.5		
-7024.5		
-7019.5		
-7014.5		
-7009.5		
-7004.5		
-6999.5		
-6994.5		
-6989.5		
-6984.5		
-6979.5		
-6974.5		
-6969.5		
-6964.5		
-6959.5		
-6954.5		
-6949.5		
-6944.5		
-6939.5		
-6934.5		
-6929.5		
-6924.5		
-6919.5		
-6914.5		
-6909.5		
-6904.5		
-6899.5		
-6894.5		
-6889.5		
-6884.5		
-6879.5		
-6874.5		
-6869.5		
-6864.5		
-6859.5		
-6854.5		
-6849.5		
-6844.5		
-6839.5		
-6834.5		
-6829.5		
-6824.5		
-6819.5		
-6814.5		
-6809.5		
-6804.5		
-6799.5		
-6794.5		
-6789.5		
-6784.5		
-6779.5		
-6774.5		
-6769.5		
-6764.5		
-6759.5		
-6754.5		
-6749.5		
-6744.5		
-6739.5		
-6734.5		
-6729.5		
-6724.5		
-6719.5		
-6714.5		
-6709.5		
-6704.5		
-6699.5		
-6694.5		
-6689.5		
-6684.5		
-6679.5		
-6674.5		
-6669.5		
-6664.5		
-6659.5		
-6654.5		
-6649.5		
-6644.5		
-6639.5		
-6634.5		
-6629.5		
-6624.5		
-6619.5		
-6614.5		
-6609.5		
-6604.5		
-6599.5		
-6594.5		
-6589.5		
-6584.5		
-6579.5		
-6574.5		
-6569.5		
-6564.5		
-6559.5		
-6554.5		
-6549.5		
-6544.5		
-6539.5		
-6534.5		
-6529.5		
-6524.5		
-6519.5		
-6514.5		
-6509.5		
-6504.5		
-6499.5		
-6494.5		
-6489.5		
-6484.5		
-6479.5		
-6474.5		
-6469.5		
-6464.5		
-6459.5		
-6454.5		
-6449.5		
-6444.5		
-6439.5		
-6434.5		
-6429.5		
-6424.5		
-6419.5		
-6414.5		
-6409.5		
-6404.5		
-6399.5		
-6394.5		
-6389.5		
-6384.5		
-6379.5		
-6374.5		
-6369.5		
-6364.5		
-6359.5		
-6354.5		
-6349.5		
-6344.5		
-6339.5		
-6334.5		
-6329.5		
-6324.5		
-6319.5		
-6314.5		
-6309.5		
-6304.5		
-6299.5		
-6294.5		
-6289.5		
-6284.5		
-6279.5		
-6274.5		
-6269.5		
-6264.5		
-6259.5		
-6254.5		
-6249.5		
-6244.5		
-6239.5		
-6234.5		
-6229.5		
-6224.5		
-6219.5		
-6214.5		
-6209.5		
-6204.5		
-6199.5		
-6194.5		
-6189.5		
-6184.5		
-6179.5		
-6174.5		
-6169.5		
-6164.5		
-6159.5		
-6154.5		
-6149.5		
-6144.5		
-6139.5		
-6134.5		
-6129.5		
-6124.5		
-6119.5		
-6114.5		
-6109.5		
-6104.5		
-6099.5		
-6094.5		
-6089.5		
-6084.5		
-6079.5		
-6074.5		
-6069.5		
-6064.5		
-6059.5		
-6054.5		
-6049.5		
-6044.5		
-6039.5		
-6034.5		
-6029.5		
-6024.5		
-6019.5		
-6014.5		
-6009.5		
-6004.5		
-5999.5		
-5994.5		
-5989.5		
-5984.5		
-5979.5		
-5974.5		
-5969.5		
-5964.5		
-5959.5		
-5954.5		
-5949.5		
-5944.5		
-5939.5		
-5934.5		
-5929.5		
-5924.5		
-5919.5		
-5914.5		
-5909.5		
-5904.5		
-5899.5		
-5894.5		
-5889.5		
-5884.5		
-5879.5		
-5874.5		
-5869.5		
-5864.5		
-5859.5		
-5854.5		
-5849.5		
-5844.5		
-5839.5		
-5834.5		
-5829.5		
-5824.5		
-5819.5		
-5814.5		
-5809.5		
-5804.5		
-5799.5		
-5794.5		
-5789.5		
-5784.5		
-5779.5		
-5774.5		
-5769.5		
-5764.5		
-5759.5		
-5754.5		
-5749.5		
-5744.5		
-5739.5		
-5734.5		
-5729.5		
-5724.5		
-5719.5		
-5714.5		
-5709.5		
-5704.5		
-5699.5		
-5694.5		
-5689.5		
-5684.5		
-5679.5		
-5674.5		
-5669.5		
-5664.5		
-5659.5		
-5654.5		
-5649.5		
-5644.5		
-5639.5		
-5634.5		
-5629.5		
-5624.5		
-5619.5		
-5614.5		
-5609.5		
-5604.5		
-5599.5		
-5594.5		
-5589.5		
-5584.5		
-5579.5		
-5574.5		
-5569.5		
-5564.5		
-5559.5		
-5554.5		
-5549.5		
-5544.5		
-5539.5		
-5534.5		
-5529.5		
-5524.5		
-5519.5		
-5514.5		
-5509.5		
-5504.5		
-5499.5		
-5494.5		
-5489.5		
-5484.5		
-5479.5		
-5474.5		
-5469.5		
-5464.5		
-5459.5		
-5454.5		
-5449.5		
-5444.5		
-5439.5		
-5434.5		
-5429.5		
-5424.5		
-5419.5		
-5414.5		
-5409.5		
-5404.5		
-5399.5		
-5394.5		
-5389.5		
-5384.5		
-5379.5		
-5374.5		
-5369.5		
-5364.5		
-5359.5		
-5354.5		
-5349.5		
-5344.5		
-5339.5		
-5334.5		
-5329.5		
-5324.5		
-5319.5		
-5314.5		
-5309.5		
-5304.5		
-5299.5		
-5294.5		
-5289.5		
-5284.5		
-5279.5		
-5274.5		
-5269.5		
-5264.5		
-5259.5		
-5254.5		
-5249.5		
-5244.5		
-5239.5		
-5234.5		
-5229.5		
-5224.5		
-5219.5		
-5214.5		
-5209.5		
-5204.5		
-5199.5		
-5194.5		
-5189.5		
-5184.5		
-5179.5		
-5174.5		
-5169.5		
-5164.5		
-5159.5		
-5154.5		
-5149.5		
-5144.5		
-5139.5		
-5134.5		
-5129.5		
-5124.5		
-5119.5		
-5114.5		
-5109.5		
-5104.5		
-5099.5		
-5094.5		
-5089.5		
-5084.5		
-5079.5		
-5074.5		
-5069.5		
-5064.5		
-5059.5		
-5054.5		
-5049.5		
-5044.5		
-5039.5		
-5034.5		
-5029.5		
-5024.5		
-5019.5		
-5014.5		
-5009.5		
-5004.5		
-4999.5		
-4994.5		
-4989.5		
-4984.5		
-4979.5		
-4974.5		
-4969.5		
-4964.5		
-4959.5		
-4954.5		
-4949.5		
-4944.5		
-4939.5		
-4934.5		
-4929.5		
-4924.5		
-4919.5		
-4914.5		
-4909.5		
-4904.5		
-4899.5		
-4894.5		
-4889.5		
-4884.5		
-4879.5		
-4874.5		
-4869.5		
-4864.5		
-4859.5		
-4854.5		
-4849.5		
-4844.5		
-4839.5		
-4834.5		
-4829.5		
-4824.5		
-4819.5		
-4814.5		
-4809.5		
-4804.5		
-4799.5		
-4794.5		
-4789.5		
-4784.5		
-4779.5		
-4774.5		
-4769.5		
-4764.5		
-4759.5		
-4754.5		
-4749.5		
-4744.5		
-4739.5		
-4734.5		
-4729.5		
-4724.5		
-4719.5		
-4714.5		
-4709.5		
-4704.5		
-4699.5		
-4694.5		
-4689.5		
-4684.5		
-4679.5		
-4674.5		
-4669.5		
-4664.5		
-4659.5		
-4654.5		
-4649.5		
-4644.5		
-4639.5		
-4634.5		
-4629.5		
-4624.5		
-4619.5		
-4614.5		
-4609.5		
-4604.5		
-4599.5		
-4594.5		
-4589.5		
-4584.5		
-4579.5		
-4574.5		
-4569.5		
-4564.5		
-4559.5		
-4554.5		
-4549.5		
-4544.5		
-4539.5		
-4534.5		
-4529.5		
-4524.5		
-4519.5		
-4514.5		
-4509.5		
-4504.5		
-4499.5		
-4494.5		
-4489.5		
-4484.5		
-4479.5		
-4474.5		
-4469.5		
-4464.5		
-4459.5		
-4454.5		
-4449.5		
-4444.5		
-4439.5		
-4434.5		
-4429.5		
-4424.5		
-4419.5		
-4414.5		
-4409.5		
-4404.5		
-4399.5		
-4394.5		
-4389.5		
-4384.5		
-4379.5		
-4374.5		
-4369.5		
-4364.5		
-4359.5		
-4354.5		
-4349.5		
-4344.5		
-4339.5		
-4334.5		
-4329.5		
-4324.5		
-4319.5		
-4314.5		
-4309.5		
-4304.5		
-4299.5		
-4294.5		
-4289.5		
-4284.5		
-4279.5		
-4274.5		
-4269.5		
-4264.5		
-4259.5		
-4254.5		
-4249.5		
-4244.5		
-4239.5		
-4234.5		
-4229.5		
-4224.5		
-4219.5		
-4214.5		
-4209.5		
-4204.5		
-4199.5		
-4194.5		
-4189.5		
-4184.5		
-4179.5		
-4174.5		
-4169.5		
-4164.5		
-4159.5		
-4154.5		
-4149.5		
-4144.5		
-4139.5		
-4134.5		
-4129.5		
-4124.5		
-4119.5		
-4114.5		
-4109.5		
-4104.5		
-4099.5		
-4094.5		
-4089.5		
-4084.5		
-4079.5		
-4074.5		
-4069.5		
-4064.5		
-4059.5		
-4054.5		
-4049.5		
-4044.5		
-4039.5		
-4034.5		
-4029.5		
-4024.5		
-4019.5		
-4014.5		
-4009.5		
-4004.5		
-3999.5		
-3994.5		
-3989.5		
-3984.5		
-3979.5		
-3974.5		
-3969.5		
-3964.5		
-3959.5		
-3954.5		
-3949.5		
-3944.5		
-3939.5		
-3934.5		
-3929.5		
-3924.5		
-3919.5		
-3914.5		
-3909.5		
-3904.5		
-3899.5		
-3894.5		
-3889.5		
-3884.5		
-3879.5		
-3874.5		
-3869.5		
-3864.5		
-3859.5		
-3854.5		
-3849.5		
-3844.5		
-3839.5		
-3834.5		
-3829.5		
-3824.5		
-3819.5		
-3814.5		
-3809.5		
-3804.5		
-3799.5		
-3794.5		
-3789.5		
-3784.5		
-3779.5		
-3774.5		
-3769.5		
-3764.5		
-3759.5		
-3754.5		
-3749.5		
-3744.5		
-3739.5		
-3734.5		
-3729.5		
-3724.5		
-3719.5		
-3714.5		
-3709.5		
-3704.5		
-3699.5		
-3694.5		
-3689.5		
-3684.5		
-3679.5		
-3674.5		
-3669.5		
-3664.5		
-3659.5		
-3654.5		
-3649.5		
-3644.5		
-3639.5		
-3634.5		
-3629.5		
-3624.5		
-3619.5		
-3614.5		
-3609.5		
-3604.5		
-3599.5		
-3594.5		
-3589.5		
-3584.5		
-3579.5		
-3574.5		
-3569.5		
-3564.5		
-3559.5		
-3554.5		
-3549.5		
-3544.5		
-3539.5		
-3534.5		
-3529.5		
-3524.5		
-3519.5		
-3514.5		
-3509.5		
-3504.5		
-3499.5		
-3494.5		
-3489.5		
-3484.5		
-3479.5		
-3474.5		
-3469.5		
-3464.5		
-3459.5		
-3454.5		
-3449.5		
-3444.5		
-3439.5		
-3434.5		
-3429.5		
-3424.5		
-3419.5		
-3414.5		
-3409.5		
-3404.5		
-3399.5		
-3394.5		
-3389.5		
-3384.5		
-3379.5		
-3374.5		
-3369.5		
-3364.5		
-3359.5		
-3354.5		
-3349.5		
-3344.5		
-3339.5		
-3334.5		
-3329.5		
-3324.5		
-3319.5		
-3314.5		
-3309.5		
-3304.5		
-3299.5		
-3294.5		
-3289.5		
-3284.5		
-3279.5		
-3274.5		
-3269.5		
-3264.5		
-3259.5		
-3254.5		
-3249.5		
-3244.5		
-3239.5		
-3234.5		
-3229.5		
-3224.5		
-3219.5		
-3214.5		
-3209.5		
-3204.5		
-3199.5		
-3194.5		
-3189.5		
-3184.5		
-3179.5		
-3174.5		
-3169.5		
-3164.5		
-3159.5		
-3154.5		
-3149.5		
-3144.5		
-3139.5		
-3134.5		
-3129.5		
-3124.5		
-3119.5		
-3114.5		
-3109.5		
-3104.5		
-3099.5		
-3094.5		
-3089.5		
-3084.5		
-3079.5		
-3074.5		
-3069.5		
-3064.5		
-3059.5		
-3054.5		
-3049.5		
-3044.5		
-3039.5		
-3034.5		
-3029.5		
-3024.5		
-3019.5		
-3014.5		
-3009.5		
-3004.5		
-2999.5		
-2994.5		
-2989.5		
-2984.5		
-2979.5		
-2974.5		
-2969.5		
-2964.5		
-2959.5		
-2954.5		
-2949.5		
-2944.5		
-2939.5		
-2934.5		
-2929.5		
-2924.5		
-2919.5		
-2914.5		
-2909.5		
-2904.5		
-2899.5		
-2894.5		
-2889.5		
-2884.5		
-2879.5		
-2874.5		
-2869.5		
-2864.5		
-2859.5		
-2854.5		
-2849.5		
-2844.5		
-2839.5		
-2834.5		
-2829.5		
-2824.5		
-2819.5		
-2814.5		
-2809.5		
-2804.5		
-2799.5		
-2794.5		
-2789.5		
-2784.5		
-2779.5		
-2774.5		
-2769.5		
-2764.5		
-2759.5		
-2754.5		
-2749.5		
-2744.5		
-2739.5		
-2734.5		
-2729.5		
-2724.5		
-2719.5		
-2714.5		
-2709.5		
-2704.5		
-2699.5		
-2694.5		
-2689.5		
-2684.5		
-2679.5		
-2674.5		
-2669.5		
-2664.5		
-2659.5		
-2654.5		
-2649.5		
-2644.5		
-2639.5		
-2634.5		
-2629.5		
-2624.5		
-2619.5		
-2614.5		
-2609.5		
-2604.5		
-2599.5		
-2594.5		
-2589.5		
-2584.5		
-2579.5		
-2574.5		
-2569.5		
-2564.5		
-2559.5		
-2554.5		
-2549.5		
-2544.5		
-2539.5		
-2534.5		
-2529.5		
-2524.5		
-2519.5		
-2514.5		
-2509.5		
-2504.5		
-2499.5		
-2494.5		
-2489.5		
-2484.5		
-2479.5		
-2474.5		
-2469.5		
-2464.5		
-2459.5		
-2454.5		
-2449.5		
-2444.5		
-2439.5		
-2434.5		
-2429.5		
-2424.5		
-2419.5		
-2414.5		
-2409.5		
-2404.5		
-2399.5		
-2394.5		
-2389.5		
-2384.5		
-2379.5		
-2374.5		
-2369.5		
-2364.5		
-2359.5		
-2354.5		
-2349.5		
-2344.5		
-2339.5		
-2334.5		
-2329.5		
-2324.5		
-2319.5		
-2314.5		
-2309.5		
-2304.5		
-2299.5		
-2294.5		
-2289.5		
-2284.5		
-2279.5		
-2274.5		
-2269.5		
-2264.5		
-2259.5		
-2254.5		
-2249.5		
-2244.5		
-2239.5		
-2234.5		
-2229.5		
-2224.5		
-2219.5		
-2214.5		
-2209.5		
-2204.5		
-2199.5		
-2194.5		
-2189.5		
-2184.5		
-2179.5		
-2174.5		
-2169.5		
-2164.5		
-2159.5		
-2154.5		
-2149.5		
-2144.5		
-2139.5		
-2134.5		
-2129.5		
-2124.5		
-2119.5		
-2114.5		
-2109.5		
-2104.5		
-2099.5		
-2094.5		
-2089.5		
-2084.5		
-2079.5		
-2074.5		
-2069.5		
-2064.5		
-2059.5		
-2054.5		
-2049.5		
-2044.5		
-2039.5		
-2034.5		
-2029.5		
-2024.5		
-2019.5		
-2014.5		
-2009.5		
-2004.5		
-1999.5		
-1994.5		
-1989.5		
-1984.5		
-1979.5		
-1974.5		
-1969.5		
-1964.5		
-1959.5		
-1954.5		
-1949.5		
-1944.5		
-1939.5		
-1934.5		
-1929.5		
-1924.5		
-1919.5		
-1914.5		
-1909.5		
-1904.5		
-1899.5		
-1894.5		
-1889.5		
-1884.5		
-1879.5		
-1874.5		
-1869.5		
-1864.5		
-1859.5		
-1854.5		
-1849.5		
-1844.5		
-1839.5		
-1834.5		
-1829.5		
-1824.5		
-1819.5		
-1814.5		
-1809.5		
-1804.5		
-1799.5		
-1794.5		
-1789.5		
-1784.5		
-1779.5		
-1774.5		
-1769.5		
-1764.5		
-1759.5		
-1754.5		
-1749.5		
-1744.5		
-1739.5		
-1734.5		
-1729.5		
-1724.5		
-1719.5		
-1714.5		
-1709.5		
-1704.5		
-1699.5		
-1694.5		
-1689.5		
-1684.5		
-1679.5		
-1674.5		
-1669.5		
-1664.5		
-1659.5		
-1654.5		
-1649.5		
-1644.5		
-1639.5		
-1634.5		
-1629.5		
-1624.5		
-1619.5		
-1614.5		
-1609.5		
-1604.5		
-1599.5		
-1594.5		
-1589.5		
-1584.5		
-1579.5		
-1574.5		
-1569.5		
-1564.5		
-1559.5		
-1554.5		
-1549.5		
-1544.5		
-1539.5		
-1534.5		
-1529.5		
-1524.5		
-1519.5		
-1514.5		
-1509.5		
-1504.5		
-1499.5		
-1494.5		
-1489.5		
-1484.5		
-1479.5		
-1474.5		
-1469.5		
-1464.5		
-1459.5		
-1454.5		
-1449.5		
-1444.5		
-1439.5		
-1434.5		
-1429.5		
-1424.5		
-1419.5		
-1414.5		
-1409.5		
-1404.5		
-1399.5		
-1394.5		
-1389.5		
-1384.5		
-1379.5		
-1374.5		
-1369.5		
-1364.5		
-1359.5		
-1354.5		
-1349.5		
-1344.5		
-1339.5		
-1334.5		
-1329.5		
-1324.5		
-1319.5		
-1314.5		
-1309.5		
-1304.5		
-1299.5		
-1294.5		
-1289.5		
-1284.5		
-1279.5		
-1274.5		
-1269.5		
-1264.5		
-1259.5		
-1254.5		
-1249.5		
-1244.5		
-1239.5		
-1234.5		
-1229.5		
-1224.5		
-1219.5		
-1214.5		
-1209.5		
-1204.5		
-1199.5		
-1194.5		
-1189.5		
-1184.5		
-1179.5		
-1174.5		
-1169.5		
-1164.5		
-1159.5		
-1154.5		
-1149.5		
-1144.5		
-1139.5		
-1134.5		
-1129.5		
-1124.5		
-1119.5		
-1114.5		
-1109.5		
-1104.5		
-1099.5		
-1094.5		
-1089.5		
-1084.5		
-1079.5		
-1074.5		
-1069.5		
-1064.5		
-1059.5		
-1054.5		
-1049.5		
-1044.5		
-1039.5		
-1034.5		
-1029.5		
-1024.5		
-1019.5		
-1014.5		
-1009.5		
-1004.5		
-999.5		
-994.5		
-989.5		
-984.5		
-979.5		
-974.5		
-969.5		
-964.5		
-959.5		
-954.5		
-949.5		
-944.5		
-939.5		
-934.5		
-929.5		
-924.5		
-919.5		
-914.5		
-909.5		
-904.5		
-899.5		
-894.5		
-889.5		
-884.5		
-879.5		
-874.5		
-869.5		
-864.5		
-859.5		
-854.5		
-849.5		
-844.5		
-839.5		
-834.5		
-829.5		
-824.5		
-819.5		
-814.5		
-809.5		
-804.5		
-799.5		
-794.5		
-789.5		
-784.5		
-779.5		
-774.5		
-769.5		
-764.5		
-759.5		
-754.5		
-749.5		
-744.5		
-739.5		
-734.5		
-729.5		
-724.5		
-719.5		
-714.5		
-709.5		
-704.5		
-699.5		
-694.5		
-689.5		
-684.5		
-679.5		
-674.5		
-669.5		
-664.5		
-659.5		
-654.5		
-649.5		
-644.5		
-639.5		
-634.5		
-629.5		
-624.5		
-619.5		
-614.5		
-609.5		
-604.5		
-599.5		
-594.5		
-589.5		
-584.5		
-579.5		
-574.5		
-569.5		
-564.5		
-559.5		
-554.5		
-549.5		
-544.5		
-539.5		
-534.5		
-529.5		
-524.5		
-519.5		
-514.5		
-509.5		
-504.5		
-499.5		
-494.5		
-489.5		
-484.5		
-479.5		
-474.5		
-469.5		
-464.5		
-459.5		
-454.5		
-449.5		
-444.5		
-439.5		
-434.5		
-429.5		
-424.5		
-419.5		
-414.5		
-409.5		
-404.5		
-399.5		
-394.5		
-389.5		
-384.5		
-379.5		
-374.5		
-369.5		
-364.5		
-359.5		
-354.5		
-349.5		
-344.5		
-339.5		
-334.5		
-329.5		
-324.5		
-319.5		
-314.5		
-309.5		
-304.5		
-299.5		
-294.5		
-289.5		
-284.5		
-279.5		
-274.5		
-269.5		
-264.5		
-259.5		
-254.5		
-249.5		
-244.5		
-239.5		
-234.5		
-229.5		
-224.5		
-219.5		
-214.5		
-209.5		
-204.5		
-199.5		
-194.5		
-189.5		
-184.5		
-179.5		
-174.5		
-169.5		
-164.5		
-159.5		
-154.5		
-149.5		
-144.5		
-139.5		
-134.5		
-129.5		
-124.5		
-119.5		
-114.5		
-109.5		
-104.5		
-99.5		
-94.5		
-89.5		
-84.5		
-79.5		
-74.5		
-69.5		
-64.5		
-59.5		
-54.5		
-49.5		
-44.5		
-39.5		
-34.5		
-29.5		
-24.5		
-19.5	0	
-14.5	3.13E-07	
-9.5	1.5631E-06	
-4.5	1.8748E-06	
0.5	1.5631E-06	
5.5	1.9787E-06	
10.5	2.3958E-06	
15.5	0.000004063	
20.5	0.000003438	
25.5	0.000004896	
30.5	0.000008751	
35.5	0.00001375	
40.5	0.000018855	
45.5	0.000022916	
50.5	0.000023541	
55.5	0.000027188	
60.5	0.00004031	
65.5	0.00005229	
70.5	0.00007344	
75.5	0.00008896	
80.5	0.00012	
85.5	0.00016104	
90.5	0.00020573	
95.5	0.00027208	
100.5	0.00030875	
105.5	0.0003693	
110.5	0.0004134	
115.5	0.000453	
120.5	0.0005026	
125.5	0.0005629	
130.5	0.0005947	
135.5	0.0006521	
140.5	0.0007097	
145.5	0.0007333	
150.5	0.0007858	
155.5	0.000815	
160.5	0.00086	
165.5	0.0009203	
170.5	0.0009626	
175.5	0.0009823	
180.5	0.0010272	
185.5	0.0010519	
190.5	0.0011085	
195.5	0.0011302	
200.5	0.0011949	
205.5	0.0012077	
210.5	0.0012761	
215.5	0.0013053	
220.5	0.0013442	
225.5	0.0013584	
230.5	0.0013825	
235.5	0.0014203	
240.5	0.0014122	
245.5	0.0013995	
250.5	0.0014348	
255.5	0.0014369	
260.5	0.0014197	
265.5	0.0014253	
270.5	0.0014304	
275.5	0.0014434	
280.5	0.0014335	
285.5	0.0014049	
290.5	0.0014128	
295.5	0.0014267	
300.5	0.0014285	
305.5	0.0014152	
310.5	0.0014548	
315.5	0.0014284	
320.5	0.001415	
325.5	0.0014269	
330.5	0.0014237	
335.5	0.0014406	
340.5	0.001449	
345.5	0.0014455	
350.5	0.0014206	
355.5	0.0014434	
360.5	0.001411	
365.5	0.0014276	
370.5	0.0014166	
375.5	0.0014294	
380.5	0.0014215	
385.5	0.0014292	
390.5	0.0014262	
395.5	0.0014368	
400.5	0.0014233	
405.5	0.0014301	
410.5	0.0014134	
415.5	0.0014635	
420.5	0.0014037	
425.5	0.0014343	
430.5	0.0014443	
435.5	0.0014389	
440.5	0.0014348	
445.5	0.0014454	
450.5	0.0014192	
455.5	0.0014182	
460.5	0.001438	
465.5	0.001441	
470.5	0.0014187	
475.5	0.0014395	
480.5	0.0014582	
485.5	0.0014218	
490.5	0.0014147	
495.5	0.0014245	
500.5	0.0014403	
505.5	0.0014205	
510.5	0.0014178	
515.5	0.0014272	
520.5	0.001442	
525.5	0.0014151	
530.5	0.001445	
535.5	0.0014419	
540.5	0.0014199	
545.5	0.0014501	
550.5	0.0014266	
555.5	0.0014275	
560.5	0.0014182	
565.5	0.001438	
570.5	0.0014476	
575.5	0.0014297	
580.5	0.00144	
585.5	0.0014511	
590.5	0.001427	
595.5	0.001426	
600.5	0.0014297	
605.5	0.0014228	
610.5	0.0014308	
615.5	0.0014152	
620.5	0.0014099	
625.5	0.0014453	
630.5	0.0014461	
635.5	0.0014366	
640.5	0.0014354	
645.5	0.0014271	
650.5	0.0014364	
655.5	0.0014478	
660.5	0.001435	
665.5	0.0014243	
670.5	0.001437	
675.5	0.0014173	
680.5	0.0014382	
685.5	0.0014181	
690.5	0.0013983	
695.5	0.0014089	
700.5	0.0013987	
705.5	0.0014044	
710.5	0.0013917	
715.5	0.0013869	
720.5	0.0013725	
725.5	0.0013621	
730.5	0.0013344	
735.5	0.0012985	
740.5	0.0012995	
745.5	0.0013114	
750.5	0.0012851	
755.5	0.0012872	
760.5	0.0012902	
765.5	0.0012633	
770.5	0.0012668	
775.5	0.0012305	
780.5	0.0011879	
785.5	0.0011382	
790.5	0.0011175	
795.5	0.0010878	
800.5	0.0010429	
805.5	0.0010071	
810.5	0.0009655	
815.5	0.0009207	
820.5	0.0008684	
825.5	0.0008681	
830.5	0.0008047	
835.5	0.0007851	
840.5	0.0007255	
845.5	0.0006998	
850.5	0.00065	
855.5	0.0006193	
860.5	0.0005912	
865.5	0.0005485	
870.5	0.0005112	
875.5	0.000466	
880.5	0.0004224	
885.5	0.0003803	
890.5	0.0003483	
895.5	0.0003298	
900.5	0.00030698	
905.5	0.00028917	
910.5	0.00028594	
915.5	0.00026062	
920.5	0.00024917	
925.5	0.00021854	
930.5	0.00020385	
935.5	0.00016781	
940.5	0.00014375	
945.5	0.00012062	
950.5	0.00009958	
955.5	0.00008104	
960.5	0.00006396	
965.5	0.00004677	
970.5	0.00003458	
975.5	0.000024583	
980.5	0.000014479	
985.5	0.000009479	
990.5	0.000004792	
995.5	0.000004271	
1000.5	0.000004478	
1005.5	2.2919E-06	
1010.5	0.000001042	
1015.5	5.21E-07	
1020.5	0	
1025.5	4.17E-07	
1030.5	3.13E-07	
1035.5		
1040.5		
1045.5		
1050.5		
1055.5		
1060.5		
1065.5		
1070.5		
1075.5		
1080.5		
1085.5		
1090.5		
1095.5		
1100.5		
1105.5		
1110.5		
1115.5		
1120.5		
1125.5		
1130.5		
1135.5		
1140.5		
1145.5		
1150.5		
1155.5		
1160.5		
1165.5		
1170.5		
1175.5		
1180.5		
1185.5		
1190.5		
1195.5		
1200.5		
1205.5		
1210.5		
1215.5		
1220.5		
1225.5		
1230.5		
1235.5		
1240.5		
1245.5		
1250.5		
1255.5		
1260.5		
1265.5		
1270.5		
1275.5		
1280.5		
1285.5		
1290.5		
1295.5		
1300.5		
1305.5		
1310.5		
1315.5		
1320.5		
1325.5		
1330.5		
1335.5		
1340.5		
1345.5		
1350.5		
1355.5		
1360.5		
1365.5		
1370.5		
1375.5		
1380.5		
1385.5		
1390.5		
1395.5		
1400.5		
1405.5		
1410.5		
1415.5		
1420.5		0
1425.5		8.32E-07
1430.5		1.98E-06
1435.5		3.34E-06
1440.5		9.17E-06
1445.5		2.24E-05
1450.5		4.84E-05
1455.5		9.69E-05
1460.5		1.72E-04
1465.5		2.56E-04
1470.5		0.0003458
1475.5		4.39E-04
1480.5		5.52E-04
1485.5		6.74E-04
1490.5		7.99E-04
1495.5		9.44E-04
1500.5		1.08E-03
1505.5		1.25E-03
1510.5		0.0013836
1515.5		1.52E-03
1520.5		1.68E-03
1525.5		1.83E-03
1530.5		1.97E-03
1535.5		2.14E-03
1540.5		2.28E-03
1545.5		2.42E-03
1550.5		2.58E-03
1555.5		2.73E-03
1560.5		2.92E-03
1565.5		3.06E-03
1570.5		3.20E-03
1575.5		3.38E-03
1580.5		3.54E-03
1585.5		3.68E-03
1590.5		3.85E-03
1595.5		0.00399
1600.5		4.17E-03
1605.5		4.32E-03
1610.5		4.43E-03
1615.5		0.004592
1620.5		0.004713
1625.5		4.88E-03
1630.5		0.005036
1635.5		0.005216
1640.5		5.38E-03
1645.5		5.46E-03
1650.5		5.53E-03
1655.5		5.56E-03
1660.5		5.52E-03
1665.5		5.59E-03
1670.5		5.49E-03
1675.5		5.36E-03
1680.5		5.12E-03
1685.5		4.79E-03
1690.5		4.48E-03
1695.5		4.11E-03
1700.5		3.76E-03
1705.5		0.003404
1710.5		3.20E-03
1715.5		2.88E-03
1720.5		2.67E-03
1725.5		0.0023904
1730.5		2.16E-03
1735.5		1.93E-03
1740.5		1.76E-03
1745.5		0.0016616
1750.5		0.0015722
1755.5		0.0014344
1760.5		1.33E-03
1765.5		1.23E-03
1770.5		1.16E-03
1775.5		0.0010939
1780.5		0.0010405
1785.5		1.03E-03
1790.5		1.03E-03
1795.5		1.00E-03
1800.5		9.83E-04
1805.5		9.04E-04
1810.5		0.0008231
1815.5		0.0007252
1820.5		6.51E-04
1825.5		5.87E-04
1830.5		5.11E-04
1835.5		4.45E-04
1840.5		3.85E-04
1845.5		0.0003309
1850.5		2.72E-04
1855.5		2.37E-04
1860.5		1.83E-04
1865.5		1.55E-04
1870.5		0.00012552
1875.5		0.00008969
1880.5		0.00007834
1885.5		0.00005229
1890.5		4.50E-05
1895.5		3.39E-05
1900.5		0.000028019
1905.5		2.19E-05
1910.5		1.40E-05
1915.5		8.44E-06
1920.5		5.42E-06
1925.5		1.66E-06
1930.5		6.26E-07
1935.5		3.13E-07
1940.5		1.06E-07
1945.5		
1950.5		