time	CM9	CM8	CM7	CM6.2	CM6	CM5	CM4	CM3	CM2	CM1
-8554.5										
-8549.5										
-8544.5										
-8539.5										
-8534.5										
-8529.5										
-8524.5										
-8519.5										
-8514.5										
-8509.5										
-8504.5										
-8499.5										
-8494.5										
-8489.5										
-8484.5										
-8479.5										
-8474.5										
-8469.5										
-8464.5										
-8459.5										
-8454.5										
-8449.5										
-8444.5										
-8439.5										
-8434.5										
-8429.5										
-8424.5										
-8419.5										
-8414.5										
-8409.5										
-8404.5										
-8399.5										
-8394.5										
-8389.5										
-8384.5										
-8379.5										
-8374.5										
-8369.5										
-8364.5										
-8359.5										
-8354.5										
-8349.5										
-8344.5										
-8339.5										
-8334.5										
-8329.5										
-8324.5										
-8319.5										
-8314.5										
-8309.5										
-8304.5										
-8299.5										
-8294.5										
-8289.5										
-8284.5										
-8279.5										
-8274.5										
-8269.5										
-8264.5										
-8259.5										
-8254.5										
-8249.5										
-8244.5										
-8239.5										
-8234.5										
-8229.5										
-8224.5										
-8219.5										
-8214.5										
-8209.5										
-8204.5										
-8199.5										
-8194.5										
-8189.5										
-8184.5										
-8179.5										
-8174.5										
-8169.5										
-8164.5										
-8159.5										
-8154.5										
-8149.5										
-8144.5										
-8139.5										
-8134.5										
-8129.5										
-8124.5										
-8119.5										
-8114.5										
-8109.5										
-8104.5										
-8099.5										
-8094.5										
-8089.5										
-8084.5										
-8079.5										
-8074.5										
-8069.5										
-8064.5										
-8059.5										
-8054.5										
-8049.5										
-8044.5										
-8039.5										
-8034.5										
-8029.5										
-8024.5										
-8019.5										
-8014.5										
-8009.5										
-8004.5										
-7999.5										
-7994.5										
-7989.5										
-7984.5										
-7979.5										
-7974.5										
-7969.5										
-7964.5										
-7959.5										
-7954.5										
-7949.5										
-7944.5										
-7939.5										
-7934.5										
-7929.5										
-7924.5										
-7919.5										
-7914.5										
-7909.5										
-7904.5										
-7899.5										
-7894.5										
-7889.5										
-7884.5										
-7879.5										
-7874.5										
-7869.5										
-7864.5										
-7859.5										
-7854.5										
-7849.5										
-7844.5										
-7839.5										
-7834.5										
-7829.5										
-7824.5										
-7819.5										
-7814.5										
-7809.5										
-7804.5										
-7799.5										
-7794.5										
-7789.5										
-7784.5										
-7779.5										
-7774.5										
-7769.5										
-7764.5										
-7759.5										
-7754.5										
-7749.5										
-7744.5										
-7739.5										
-7734.5										
-7729.5										
-7724.5										
-7719.5										
-7714.5										
-7709.5										
-7704.5										
-7699.5										
-7694.5										
-7689.5										
-7684.5										
-7679.5										
-7674.5										
-7669.5										
-7664.5										
-7659.5										
-7654.5										
-7649.5										
-7644.5										
-7639.5										
-7634.5										
-7629.5										
-7624.5										
-7619.5										
-7614.5										
-7609.5										
-7604.5										
-7599.5										
-7594.5										
-7589.5										
-7584.5										
-7579.5										
-7574.5										
-7569.5										
-7564.5										
-7559.5										
-7554.5										
-7549.5										
-7544.5										
-7539.5										
-7534.5										
-7529.5										
-7524.5										
-7519.5										
-7514.5										
-7509.5										
-7504.5										
-7499.5										
-7494.5										
-7489.5										
-7484.5										
-7479.5										
-7474.5										
-7469.5										
-7464.5										
-7459.5										
-7454.5										
-7449.5										
-7444.5										
-7439.5										
-7434.5										
-7429.5										
-7424.5										
-7419.5										
-7414.5										
-7409.5										
-7404.5										
-7399.5										
-7394.5										
-7389.5										
-7384.5										
-7379.5										
-7374.5										
-7369.5										
-7364.5										
-7359.5										
-7354.5										
-7349.5										
-7344.5										
-7339.5										
-7334.5										
-7329.5										
-7324.5										
-7319.5										
-7314.5										
-7309.5										
-7304.5										
-7299.5										
-7294.5										
-7289.5										
-7284.5										
-7279.5										
-7274.5										
-7269.5										
-7264.5										
-7259.5										
-7254.5										
-7249.5										
-7244.5										
-7239.5										
-7234.5										
-7229.5										
-7224.5										
-7219.5										
-7214.5										
-7209.5										
-7204.5										
-7199.5										
-7194.5										
-7189.5										
-7184.5										
-7179.5										
-7174.5										
-7169.5										
-7164.5										
-7159.5										
-7154.5										
-7149.5										
-7144.5										
-7139.5										
-7134.5										
-7129.5										
-7124.5										
-7119.5										
-7114.5										
-7109.5										
-7104.5										
-7099.5										
-7094.5										
-7089.5										
-7084.5										
-7079.5										
-7074.5										
-7069.5										
-7064.5										
-7059.5										
-7054.5										
-7049.5										
-7044.5										
-7039.5										
-7034.5										
-7029.5										
-7024.5										
-7019.5										
-7014.5										
-7009.5										
-7004.5										
-6999.5										
-6994.5										
-6989.5										
-6984.5										
-6979.5										
-6974.5										
-6969.5										
-6964.5										
-6959.5										
-6954.5										
-6949.5										
-6944.5										
-6939.5										
-6934.5										
-6929.5										
-6924.5										
-6919.5										
-6914.5										
-6909.5										
-6904.5										
-6899.5										
-6894.5										
-6889.5										
-6884.5										
-6879.5										
-6874.5										
-6869.5										
-6864.5										
-6859.5										
-6854.5										
-6849.5										
-6844.5										
-6839.5										
-6834.5										
-6829.5										
-6824.5										
-6819.5										
-6814.5										
-6809.5										
-6804.5										
-6799.5										
-6794.5										
-6789.5										
-6784.5										
-6779.5										
-6774.5										
-6769.5										
-6764.5										
-6759.5										
-6754.5										
-6749.5										
-6744.5										
-6739.5										
-6734.5										
-6729.5										
-6724.5										
-6719.5										
-6714.5										
-6709.5										
-6704.5										
-6699.5										
-6694.5										
-6689.5										
-6684.5										
-6679.5										
-6674.5										
-6669.5										
-6664.5										
-6659.5										
-6654.5										
-6649.5										
-6644.5										
-6639.5										
-6634.5										
-6629.5										
-6624.5										
-6619.5										
-6614.5										
-6609.5										
-6604.5										
-6599.5										
-6594.5										
-6589.5										
-6584.5										
-6579.5										
-6574.5										
-6569.5										
-6564.5										
-6559.5										
-6554.5										
-6549.5										
-6544.5										
-6539.5										
-6534.5										
-6529.5										
-6524.5										
-6519.5										
-6514.5										
-6509.5										
-6504.5										
-6499.5										
-6494.5										
-6489.5										
-6484.5										
-6479.5										
-6474.5										
-6469.5										
-6464.5										
-6459.5										
-6454.5										
-6449.5										
-6444.5										
-6439.5										
-6434.5										
-6429.5										
-6424.5										
-6419.5										
-6414.5										
-6409.5										
-6404.5										
-6399.5										
-6394.5										
-6389.5										
-6384.5										
-6379.5										
-6374.5										
-6369.5										
-6364.5										
-6359.5										
-6354.5										
-6349.5										
-6344.5										
-6339.5										
-6334.5										
-6329.5										
-6324.5										
-6319.5										
-6314.5										
-6309.5										
-6304.5										
-6299.5										
-6294.5										
-6289.5										
-6284.5										
-6279.5										
-6274.5										
-6269.5										
-6264.5										
-6259.5										
-6254.5										
-6249.5										
-6244.5										
-6239.5										
-6234.5										
-6229.5										
-6224.5										
-6219.5										
-6214.5										
-6209.5										
-6204.5										
-6199.5										
-6194.5										
-6189.5										
-6184.5										
-6179.5										
-6174.5										
-6169.5										
-6164.5										
-6159.5										
-6154.5										
-6149.5										
-6144.5										
-6139.5										
-6134.5										
-6129.5										
-6124.5										
-6119.5										
-6114.5										
-6109.5										
-6104.5										
-6099.5										
-6094.5										
-6089.5										
-6084.5										
-6079.5										
-6074.5										
-6069.5										
-6064.5										
-6059.5										
-6054.5										
-6049.5										
-6044.5										
-6039.5										
-6034.5										
-6029.5										
-6024.5										
-6019.5										
-6014.5										
-6009.5										
-6004.5										
-5999.5										
-5994.5										
-5989.5										
-5984.5										
-5979.5										
-5974.5										
-5969.5										
-5964.5										
-5959.5										
-5954.5										
-5949.5										
-5944.5										
-5939.5										
-5934.5										
-5929.5										
-5924.5										
-5919.5										
-5914.5										
-5909.5										
-5904.5										
-5899.5										
-5894.5										
-5889.5										
-5884.5										
-5879.5										
-5874.5										
-5869.5										
-5864.5										
-5859.5										
-5854.5										
-5849.5										
-5844.5										
-5839.5										
-5834.5										
-5829.5										
-5824.5										
-5819.5										
-5814.5										
-5809.5										
-5804.5										
-5799.5										
-5794.5										
-5789.5										
-5784.5										
-5779.5										
-5774.5										
-5769.5										
-5764.5										
-5759.5										
-5754.5										
-5749.5										
-5744.5										
-5739.5										
-5734.5										
-5729.5										
-5724.5										
-5719.5										
-5714.5										
-5709.5										
-5704.5										
-5699.5										
-5694.5										
-5689.5										
-5684.5										
-5679.5										
-5674.5										
-5669.5										
-5664.5										
-5659.5										
-5654.5										
-5649.5										
-5644.5										
-5639.5										
-5634.5										
-5629.5										
-5624.5										
-5619.5										
-5614.5										
-5609.5										
-5604.5										
-5599.5										
-5594.5										
-5589.5										
-5584.5										
-5579.5										
-5574.5										
-5569.5										
-5564.5										
-5559.5										
-5554.5										
-5549.5										
-5544.5										
-5539.5										
-5534.5										
-5529.5										
-5524.5										
-5519.5										
-5514.5										
-5509.5										
-5504.5										
-5499.5										
-5494.5										
-5489.5										
-5484.5										
-5479.5										
-5474.5										
-5469.5										
-5464.5										
-5459.5										
-5454.5										
-5449.5										
-5444.5										
-5439.5										
-5434.5										
-5429.5										
-5424.5										
-5419.5										
-5414.5										
-5409.5										
-5404.5										
-5399.5										
-5394.5										
-5389.5										
-5384.5										
-5379.5										
-5374.5										
-5369.5										
-5364.5										
-5359.5										
-5354.5										
-5349.5										
-5344.5										
-5339.5										
-5334.5										
-5329.5										
-5324.5										
-5319.5										
-5314.5										
-5309.5										
-5304.5										
-5299.5										
-5294.5										
-5289.5										
-5284.5										
-5279.5										
-5274.5										
-5269.5										
-5264.5										
-5259.5										
-5254.5										
-5249.5										
-5244.5										
-5239.5										
-5234.5										
-5229.5										
-5224.5										
-5219.5										
-5214.5										
-5209.5										
-5204.5										
-5199.5										
-5194.5										
-5189.5										
-5184.5										
-5179.5										
-5174.5										
-5169.5										
-5164.5										
-5159.5										
-5154.5										
-5149.5										
-5144.5										
-5139.5										
-5134.5										
-5129.5										
-5124.5										
-5119.5										
-5114.5										
-5109.5										
-5104.5										
-5099.5										
-5094.5										
-5089.5										
-5084.5										
-5079.5										
-5074.5										
-5069.5										
-5064.5										
-5059.5										
-5054.5										
-5049.5										
-5044.5										
-5039.5										
-5034.5										
-5029.5										
-5024.5										
-5019.5										
-5014.5										
-5009.5										
-5004.5										
-4999.5										
-4994.5										
-4989.5										
-4984.5										
-4979.5										
-4974.5										
-4969.5										
-4964.5										
-4959.5										
-4954.5										
-4949.5										
-4944.5										
-4939.5										
-4934.5										
-4929.5										
-4924.5										
-4919.5										
-4914.5										
-4909.5										
-4904.5										
-4899.5										
-4894.5										
-4889.5										
-4884.5										
-4879.5										
-4874.5										
-4869.5										
-4864.5										
-4859.5										
-4854.5										
-4849.5										
-4844.5										
-4839.5										
-4834.5										
-4829.5										
-4824.5										
-4819.5										
-4814.5										
-4809.5										
-4804.5										
-4799.5										
-4794.5										
-4789.5										
-4784.5										
-4779.5										
-4774.5										
-4769.5										
-4764.5										
-4759.5										
-4754.5										
-4749.5										
-4744.5										
-4739.5										
-4734.5										
-4729.5										
-4724.5										
-4719.5										
-4714.5										
-4709.5										
-4704.5										
-4699.5										
-4694.5										
-4689.5										
-4684.5										
-4679.5										
-4674.5										
-4669.5										
-4664.5										
-4659.5										
-4654.5										
-4649.5										
-4644.5										
-4639.5										
-4634.5										
-4629.5										
-4624.5										
-4619.5										
-4614.5										
-4609.5										
-4604.5										
-4599.5										
-4594.5										
-4589.5										
-4584.5										
-4579.5										
-4574.5										
-4569.5										
-4564.5										
-4559.5										
-4554.5										
-4549.5										
-4544.5										
-4539.5										
-4534.5										
-4529.5										
-4524.5										
-4519.5										
-4514.5										
-4509.5										
-4504.5										
-4499.5										
-4494.5										
-4489.5										
-4484.5										
-4479.5										
-4474.5										
-4469.5										
-4464.5										
-4459.5										
-4454.5										
-4449.5										
-4444.5										
-4439.5										
-4434.5										
-4429.5										
-4424.5										
-4419.5										
-4414.5										
-4409.5										
-4404.5										
-4399.5										
-4394.5										
-4389.5										
-4384.5										
-4379.5										
-4374.5										
-4369.5										
-4364.5										
-4359.5										
-4354.5										
-4349.5										
-4344.5										
-4339.5										
-4334.5										
-4329.5										
-4324.5										
-4319.5										
-4314.5										
-4309.5										
-4304.5										
-4299.5										
-4294.5										
-4289.5										
-4284.5										
-4279.5										
-4274.5										
-4269.5										
-4264.5										
-4259.5										
-4254.5										
-4249.5										
-4244.5										
-4239.5										
-4234.5										
-4229.5										
-4224.5										
-4219.5										
-4214.5										
-4209.5										
-4204.5										
-4199.5										
-4194.5										
-4189.5										
-4184.5										
-4179.5										
-4174.5										
-4169.5										
-4164.5										
-4159.5										
-4154.5										
-4149.5										
-4144.5										
-4139.5										
-4134.5										
-4129.5										
-4124.5										
-4119.5										
-4114.5										
-4109.5										
-4104.5										
-4099.5										
-4094.5										
-4089.5										
-4084.5										
-4079.5										
-4074.5										
-4069.5										
-4064.5										
-4059.5										
-4054.5										
-4049.5										
-4044.5										
-4039.5										
-4034.5										
-4029.5										
-4024.5										
-4019.5										
-4014.5										
-4009.5										
-4004.5										
-3999.5										
-3994.5										
-3989.5										
-3984.5										
-3979.5										
-3974.5										
-3969.5										
-3964.5										
-3959.5										
-3954.5										
-3949.5										
-3944.5										
-3939.5										
-3934.5										
-3929.5										
-3924.5										
-3919.5										
-3914.5										
-3909.5										
-3904.5										
-3899.5										
-3894.5										
-3889.5										
-3884.5										
-3879.5										
-3874.5										
-3869.5										
-3864.5										
-3859.5										
-3854.5										
-3849.5										
-3844.5										
-3839.5										
-3834.5										
-3829.5										
-3824.5										
-3819.5										
-3814.5										
-3809.5										
-3804.5										
-3799.5										
-3794.5										
-3789.5										
-3784.5										
-3779.5										
-3774.5										
-3769.5										
-3764.5										
-3759.5										
-3754.5										
-3749.5										
-3744.5										
-3739.5										
-3734.5										
-3729.5										
-3724.5										
-3719.5										
-3714.5										
-3709.5										
-3704.5										
-3699.5										
-3694.5										
-3689.5										
-3684.5										
-3679.5										
-3674.5										
-3669.5										
-3664.5										
-3659.5										
-3654.5										
-3649.5										
-3644.5										
-3639.5										
-3634.5	0									
-3629.5	0.00E+00									
-3624.5	6.67E-06									
-3619.5	4.62E-05									
-3614.5	1.43E-04									
-3609.5	2.41E-04									
-3604.5	3.16E-04									
-3599.5	3.41E-04									
-3594.5	3.61E-04									
-3589.5	3.77E-04									
-3584.5	0.0003706									
-3579.5	3.70E-04									
-3574.5	3.72E-04									
-3569.5	3.83E-04									
-3564.5	3.73E-04									
-3559.5	3.70E-04									
-3554.5	3.69E-04									
-3549.5	3.68E-04									
-3544.5	0.0003734									
-3539.5	3.87E-04									
-3534.5	3.76E-04									
-3529.5	3.76E-04									
-3524.5	3.82E-04									
-3519.5	4.29E-04									
-3514.5	6.32E-04									
-3509.5	1.10E-03									
-3504.5	1.65E-03									
-3499.5	2.29E-03									
-3494.5	3.03E-03									
-3489.5	3.74E-03									
-3484.5	4.11E-03									
-3479.5	4.31E-03									
-3474.5	4.40E-03									
-3469.5	4.60E-03									
-3464.5	4.97E-03									
-3459.5	0.005337									
-3454.5	5.70E-03									
-3449.5	6.03E-03									
-3444.5	6.30E-03									
-3439.5	0.006481									
-3434.5	0.006646									
-3429.5	6.72E-03									
-3424.5	0.006768									
-3419.5	0.006674									
-3414.5	6.57E-03									
-3409.5	6.48E-03									
-3404.5	6.37E-03									
-3399.5	6.25E-03									
-3394.5	6.13E-03									
-3389.5	5.95E-03									
-3384.5	0.005766									
-3379.5	5.64E-03									
-3374.5	5.37E-03									
-3369.5	4.86E-03									
-3364.5	4.11E-03									
-3359.5	3.31E-03									
-3354.5	2.73E-03									
-3349.5	0.0022065									
-3344.5	1.84E-03									
-3339.5	1.61E-03									
-3334.5	1.45E-03									
-3329.5	0.0013301									
-3324.5	1.25E-03									
-3319.5	1.19E-03									
-3314.5	1.13E-03									
-3309.5	0.0010975									
-3304.5	0.0010863									
-3299.5	0.0010307									
-3294.5	1.01E-03									
-3289.5	9.54E-04									
-3284.5	9.35E-04									
-3279.5	0.0009254									
-3274.5	0.000876									
-3269.5	8.63E-04									
-3264.5	8.38E-04									
-3259.5	8.00E-04									
-3254.5	7.74E-04									
-3249.5	7.72E-04									
-3244.5	0.000761									
-3239.5	0.0007387									
-3234.5	7.12E-04									
-3229.5	6.82E-04									
-3224.5	6.43E-04									
-3219.5	6.10E-04									
-3214.5	5.77E-04									
-3209.5	0.0005118									
-3204.5	4.40E-04									
-3199.5	3.79E-04									
-3194.5	2.95E-04									
-3189.5	2.42E-04									
-3184.5	0.00021427									
-3179.5	0.00018479									
-3174.5	0.00016375									
-3169.5	0.00014583									
-3164.5	1.26E-04									
-3159.5	1.21E-04									
-3154.5	0.00010854									
-3149.5	8.28E-05									
-3144.5	5.72E-05									
-3139.5	0.00003656									
-3134.5	2.15E-05									
-3129.5	0.000011457									
-3124.5	0.000006145									
-3119.5	2.82E-06									
-3114.5	1.87E-06									
-3109.5	6.23E-07									
-3104.5	1.02E-07									
-3099.5	0.00E+00									
-3094.5	0									
-3089.5	0.00E+00									
-3084.5										
-3079.5										
-3074.5										
-3069.5										
-3064.5										
-3059.5										
-3054.5										
-3049.5										
-3044.5										
-3039.5										
-3034.5										
-3029.5										
-3024.5										
-3019.5										
-3014.5										
-3009.5										
-3004.5										
-2999.5										
-2994.5										
-2989.5										
-2984.5										
-2979.5										
-2974.5										
-2969.5										
-2964.5										
-2959.5										
-2954.5										
-2949.5										
-2944.5										
-2939.5										
-2934.5										
-2929.5										
-2924.5										
-2919.5										
-2914.5										
-2909.5										
-2904.5		0								
-2899.5		0.00E+00								
-2894.5		1.67E-06								
-2889.5		1.58E-05								
-2884.5		1.38E-04								
-2879.5		7.31E-04								
-2874.5		3.02E-03								
-2869.5		7.03E-03								
-2864.5		1.03E-02								
-2859.5		1.19E-02								
-2854.5		0.012097								
-2849.5		1.14E-02	0							
-2844.5		1.05E-02	1.45E-06							
-2839.5		9.64E-03	2.29E-06							
-2834.5		9.02E-03	5.63E-06							
-2829.5		8.31E-03	8.75E-06							
-2824.5		8.00E-03	1.46E-05							
-2819.5		7.56E-03	1.60E-05							
-2814.5		0.007056	2.48E-05							
-2809.5		6.43E-03	4.81E-05							
-2804.5		6.28E-03	7.04E-05							
-2799.5		6.61E-03	0.00009146							
-2794.5		6.75E-03	9.85E-05							
-2789.5		6.80E-03	1.11E-04							
-2784.5		6.65E-03	1.35E-04							
-2779.5		6.40E-03	1.39E-04							
-2774.5		5.91E-03	1.55E-04							
-2769.5		5.46E-03	2.02E-04							
-2764.5		4.78E-03	2.30E-04							
-2759.5		4.11E-03	0.00027312							
-2754.5		3.41E-03	3.40E-04							
-2749.5		2.80E-03	4.35E-04							
-2744.5		2.30E-03	5.97E-04							
-2739.5		1.90E-03	8.58E-04							
-2734.5		1.58E-03	1.17E-03							
-2729.5		0.0012894	1.59E-03							
-2724.5		1.04E-03	2.17E-03							
-2719.5		8.28E-04	2.80E-03							
-2714.5		6.30E-04	3.34E-03							
-2709.5		0.0004646	4.01E-03							
-2704.5		0.000315	4.71E-03							
-2699.5		2.09E-04	5.56E-03							
-2694.5		0.00011604	6.49E-03							
-2689.5		0.000075	7.49E-03							
-2684.5		4.52E-05	8.59E-03							
-2679.5		2.40E-05	9.88E-03							
-2674.5		1.04E-05	0.011175							
-2669.5		5.42E-06	1.21E-02							
-2664.5		2.71E-06	1.26E-02							
-2659.5		2.06E-07	1.26E-02							
-2654.5		2.06E-07	0.012241							
-2649.5		4.11E-07	0.011827							
-2644.5		0.00E+00	1.15E-02							
-2639.5			0.011068							
-2634.5			0.010132							
-2629.5			8.52E-03							
-2624.5			6.65E-03							
-2619.5			5.02E-03							
-2614.5			3.92E-03							
-2609.5			3.18E-03							
-2604.5			2.43E-03							
-2599.5			1.59E-03							
-2594.5			9.79E-04							
-2589.5			5.39E-04							
-2584.5			1.79E-04							
-2579.5			3.02E-05	0						
-2574.5			2.29E-06	2.08E-07						
-2569.5			0.00E+00	2.50E-06						
-2564.5			0	2.50E-05						
-2559.5			0.00E+00	1.37E-04						
-2554.5				3.13E-04						
-2549.5				5.39E-04						
-2544.5				7.68E-04						
-2539.5				1.04E-03						
-2534.5				1.26E-03						
-2529.5				0.0013981						
-2524.5				1.48E-03						
-2519.5				1.52E-03						
-2514.5				1.55E-03						
-2509.5				1.54E-03						
-2504.5				1.55E-03						
-2499.5				1.58E-03						
-2494.5				1.63E-03						
-2489.5				0.0017321						
-2484.5				1.97E-03						
-2479.5				2.32E-03						
-2474.5				2.66E-03						
-2469.5				2.99E-03						
-2464.5				3.10E-03						
-2459.5				3.07E-03						
-2454.5				3.02E-03						
-2449.5				3.07E-03						
-2444.5				3.10E-03						
-2439.5				3.07E-03						
-2434.5				3.11E-03						
-2429.5				3.09E-03						
-2424.5				3.07E-03						
-2419.5				3.05E-03						
-2414.5				3.05E-03						
-2409.5				3.04E-03						
-2404.5				0.0031129						
-2399.5				3.06E-03						
-2394.5				3.06E-03						
-2389.5				3.07E-03						
-2384.5				0.0030944						
-2379.5				0.0030994						
-2374.5				3.14E-03						
-2369.5				0.0030971						
-2364.5				0.0031167						
-2359.5				3.09E-03						
-2354.5				3.06E-03						
-2349.5				3.07E-03						
-2344.5				3.09E-03						
-2339.5				3.06E-03						
-2334.5				3.13E-03	0					
-2329.5				3.11E-03	1.25E-06					
-2324.5				3.06E-03	3.54E-06					
-2319.5				3.07E-03	5.62E-06					
-2314.5				3.11E-03	7.50E-06					
-2309.5				3.05E-03	7.08E-06					
-2304.5				3.04E-03	5.83E-06					
-2299.5				3.03E-03	6.46E-06					
-2294.5				0.003081	7.50E-06					
-2289.5				3.05E-03	1.56E-05					
-2284.5				3.08E-03	0.000025835					
-2279.5				2.99E-03	5.52E-05					
-2274.5				0.0029748	1.16E-04					
-2269.5				2.87E-03	2.03E-04					
-2264.5				2.79E-03	3.06E-04					
-2259.5				2.62E-03	4.31E-04					
-2254.5				0.0025369	5.44E-04					
-2249.5				0.0024827	6.30E-04					
-2244.5				0.0024835	0.0006696					
-2239.5				2.48E-03	6.94E-04					
-2234.5				2.42E-03	7.04E-04					
-2229.5				2.35E-03	7.40E-04					
-2224.5				0.0023329	8.14E-04					
-2219.5				0.0023004	8.96E-04					
-2214.5				2.26E-03	9.41E-04					
-2209.5				2.23E-03	1.02E-03					
-2204.5				2.21E-03	1.11E-03					
-2199.5				2.06E-03	1.32E-03					
-2194.5				1.91E-03	1.64E-03					
-2189.5				0.0017158	1.97E-03					
-2184.5				0.0016148	2.33E-03					
-2179.5				1.46E-03	2.65E-03					
-2174.5				1.29E-03	2.98E-03					
-2169.5				1.12E-03	3.36E-03					
-2164.5				9.71E-04	3.80E-03					
-2159.5				8.71E-04	0.004142					
-2154.5				0.0007383	4.53E-03					
-2149.5				6.11E-04	4.90E-03					
-2144.5				4.78E-04	5.32E-03					
-2139.5				3.77E-04	0.005681					
-2134.5				2.88E-04	0.006025					
-2129.5				0.00024729	6.05E-03					
-2124.5				0.00021937	0.006086					
-2119.5				0.00019417	0.006036					
-2114.5				0.00019	5.92E-03					
-2109.5				1.79E-04	5.69E-03					
-2104.5				1.85E-04	5.47E-03					
-2099.5				0.00017	5.24E-03					
-2094.5				1.61E-04	5.02E-03					
-2089.5				1.60E-04	4.95E-03					
-2084.5				0.00014229	4.91E-03					
-2079.5				1.25E-04	5.01E-03					
-2074.5				0.00010417	5.15E-03					
-2069.5				0.00008125	5.20E-03					
-2064.5				5.48E-05	5.36E-03					
-2059.5				0.00004187	5.55E-03					
-2054.5				2.73E-05	5.58E-03					
-2049.5				2.06E-05	0.005692					
-2044.5				8.75E-06	5.63E-03					
-2039.5				0.000003333	5.56E-03					
-2034.5				8.33E-07	5.33E-03					
-2029.5				2.08E-07	0.004946					
-2024.5					4.34E-03					
-2019.5					3.82E-03					
-2014.5					3.28E-03					
-2009.5					0.0028429					
-2004.5					0.0024					
-1999.5					0.0020771					
-1994.5					1.72E-03					
-1989.5					1.37E-03					
-1984.5					1.03E-03					
-1979.5					0.0007225					
-1974.5					0.000514					
-1969.5					3.76E-04					
-1964.5					2.46E-04					
-1959.5					1.39E-04					
-1954.5					8.35E-05					
-1949.5					4.33E-05					
-1944.5					0.000017917					
-1939.5					0.000010626					
-1934.5					5.83E-06					
-1929.5					3.75E-06					
-1924.5					1.67E-06					
-1919.5					4.14E-07					
-1914.5					8.34E-07					
-1909.5					0					
-1904.5										
-1899.5										
-1894.5										
-1889.5										
-1884.5										
-1879.5										
-1874.5										
-1869.5										
-1864.5										
-1859.5										
-1854.5										
-1849.5										
-1844.5										
-1839.5										
-1834.5										
-1829.5										
-1824.5										
-1819.5										
-1814.5										
-1809.5										
-1804.5										
-1799.5										
-1794.5										
-1789.5										
-1784.5										
-1779.5										
-1774.5										
-1769.5										
-1764.5										
-1759.5										
-1754.5										
-1749.5										
-1744.5										
-1739.5										
-1734.5										
-1729.5										
-1724.5										
-1719.5										
-1714.5										
-1709.5										
-1704.5										
-1699.5										
-1694.5										
-1689.5										
-1684.5										
-1679.5										
-1674.5										
-1669.5										
-1664.5										
-1659.5										
-1654.5										
-1649.5										
-1644.5										
-1639.5										
-1634.5										
-1629.5										
-1624.5										
-1619.5										
-1614.5										
-1609.5										
-1604.5										
-1599.5										
-1594.5										
-1589.5										
-1584.5										
-1579.5										
-1574.5										
-1569.5										
-1564.5										
-1559.5										
-1554.5										
-1549.5										
-1544.5										
-1539.5										
-1534.5										
-1529.5										
-1524.5										
-1519.5										
-1514.5										
-1509.5										
-1504.5										
-1499.5										
-1494.5										
-1489.5										
-1484.5										
-1479.5										
-1474.5										
-1469.5										
-1464.5										
-1459.5										
-1454.5										
-1449.5										
-1444.5										
-1439.5										
-1434.5						0				
-1429.5						2.09E-07				
-1424.5						4.18E-07				
-1419.5						8.36E-07				
-1414.5						2.92E-06				
-1409.5						5.00E-06				
-1404.5						2.33E-05				
-1399.5						5.79E-05				
-1394.5						1.11E-04				
-1389.5						2.10E-04				
-1384.5						0.000426				
-1379.5						8.08E-04				
-1374.5						1.45E-03				
-1369.5						2.35E-03				
-1364.5						3.62E-03				
-1359.5						4.82E-03				
-1354.5						5.66E-03				
-1349.5						6.28E-03				
-1344.5						0.006671				
-1339.5						7.05E-03				
-1334.5						7.15E-03				
-1329.5						7.19E-03				
-1324.5						7.32E-03				
-1319.5						7.26E-03				
-1314.5						7.54E-03				
-1309.5						7.64E-03	0			
-1304.5						7.84E-03	4.17E-07			
-1299.5						8.19E-03	8.33E-07			
-1294.5						8.68E-03	1.88E-06			
-1289.5						9.04E-03	2.92E-06			
-1284.5						9.43E-03	3.54E-06			
-1279.5						9.51E-03	6.88E-06			
-1274.5						9.33E-03	1.60E-05			
-1269.5						8.80E-03	2.90E-05			
-1264.5						7.95E-03	4.54E-05			
-1259.5						0.00688	0.00008375			
-1254.5						6.56E-03	1.23E-04			
-1249.5						6.50E-03	1.87E-04			
-1244.5						6.05E-03	2.37E-04			
-1239.5						0.004946	3.17E-04			
-1234.5						0.003235	3.67E-04			
-1229.5						1.79E-03	4.81E-04			
-1224.5						0.0009163	5.83E-04			
-1219.5						0.000365	0.000711			
-1214.5						1.38E-04	8.08E-04			
-1209.5						5.96E-05	9.25E-04			
-1204.5						3.65E-05	1.03E-03			
-1199.5						2.83E-05	1.08E-03			
-1194.5						1.60E-05	1.15E-03			
-1189.5						9.37E-06	1.24E-03			
-1184.5						9.37E-06	1.29E-03			
-1179.5						7.08E-06	1.33E-03			
-1174.5						5.84E-06	1.37E-03			
-1169.5						4.58E-06	1.42E-03			
-1164.5						2.71E-06	1.51E-03			
-1159.5						2.71E-06	1.53E-03			
-1154.5						2.71E-06	1.61E-03			
-1149.5						1.87E-06	1.67E-03			
-1144.5						8.36E-07	1.69E-03			
-1139.5							1.77E-03			
-1134.5							0.0018181			
-1129.5							1.91E-03			
-1124.5							1.97E-03			
-1119.5							2.03E-03			
-1114.5							0.0019902			
-1109.5							0.0020039			
-1104.5							2.00E-03			
-1099.5							0.001986			
-1094.5							0.0020483			
-1089.5							2.03E-03			
-1084.5							2.02E-03			
-1079.5							2.00E-03			
-1074.5							1.99E-03			
-1069.5							2.01E-03			
-1064.5							2.01E-03			
-1059.5							2.03E-03			
-1054.5							2.04E-03			
-1049.5							2.05E-03			
-1044.5							2.07E-03			
-1039.5							2.01E-03			
-1034.5							2.02E-03			
-1029.5							2.00E-03			
-1024.5							0.0020675			
-1019.5							2.07E-03			
-1014.5							2.04E-03			
-1009.5							2.03E-03			
-1004.5							0.0020275			
-999.5							2.05E-03			
-994.5							2.08E-03			
-989.5							2.06E-03			
-984.5							0.0020877			
-979.5							0.0020621			
-974.5							0.0020152			
-969.5							2.04E-03			
-964.5							2.05E-03			
-959.5							2.05E-03			
-954.5							0.002041			
-949.5							0.0020358			
-944.5							2.09E-03			
-939.5							2.08E-03			
-934.5							2.02E-03			
-929.5							2.06E-03			
-924.5							2.03E-03			
-919.5							0.0020785			
-914.5							0.0020392			
-909.5							2.05E-03			
-904.5							2.04E-03			
-899.5							2.04E-03			
-894.5							2.04E-03			
-889.5							2.07E-03			
-884.5							0.0020642			
-879.5							2.05E-03			
-874.5							2.01E-03			
-869.5							2.04E-03			
-864.5							2.02E-03			
-859.5							0.0020714			
-854.5							0.0020552			
-849.5							0.0020154			
-844.5							0.0020135			
-839.5							2.05E-03			
-834.5							2.08E-03			
-829.5							0.0020708			
-824.5							2.02E-03			
-819.5							2.06E-03			
-814.5							0.0020467			
-809.5							2.05E-03			
-804.5							0.0020314			
-799.5							0.0020439			
-794.5							2.05E-03			
-789.5							0.0020364			
-784.5							2.03E-03			
-779.5							2.08E-03			
-774.5							2.01E-03			
-769.5							0.002046	0		
-764.5							2.07E-03	6.27E-07		
-759.5							2.05E-03	6.27E-07		
-754.5							2.03E-03	4.79E-06		
-749.5							0.002046	3.10E-05		
-744.5							2.03E-03	1.82E-04		
-739.5							1.99E-03	6.26E-04		
-734.5							0.0019302	1.40E-03		
-729.5							0.0018421	2.48E-03		
-724.5							0.0015823	3.79E-03		
-719.5							1.35E-03	0.005123		
-714.5							0.0011258	6.90E-03		
-709.5							9.97E-04	8.91E-03		
-704.5							0.0007879	1.02E-02		
-699.5							0.000609	1.08E-02		
-694.5							0.0004242	1.10E-02		
-689.5							2.60E-04	1.08E-02		
-684.5							2.24E-04	1.00E-02		
-679.5							2.19E-04	0.009272		
-674.5							0.00021396	8.63E-03		
-669.5							0.00020708	8.03E-03		
-664.5							0.00021937	7.42E-03		
-659.5							0.00018833	7.22E-03		
-654.5							0.00013229	7.82E-03		
-649.5							0.00005479	8.09E-03		
-644.5							0.000024792	7.65E-03		
-639.5							0.000019792	6.95E-03		
-634.5							1.52E-05	6.25E-03		
-629.5							1.33E-05	5.58E-03		
-624.5							0.000014791	5.03E-03		
-619.5							0.000008958	4.39E-03		
-614.5							0.000012708	3.88E-03		
-609.5							0.000011458	3.37E-03		
-604.5							0.000010208	2.94E-03		
-599.5							0.000009375	2.61E-03		
-594.5							0.000011251	0.0022365		
-589.5							0.000014167	1.91E-03		
-584.5							0.000010001	1.59E-03		
-579.5							0.000010625	1.31E-03		
-574.5							0.000008958	0.0010585		
-569.5							0.000005625	0.000869		
-564.5							0.000008958	6.70E-04		
-559.5							0.000007708	0.0005042		
-554.5							0.000005833	0.0003698		
-549.5							0.000004583	2.90E-04		
-544.5							0.000006459	2.28E-04		
-539.5							0.000004583	1.99E-04		
-534.5							0.000004583	1.77E-04		
-529.5							2.92E-06	1.58E-04		
-524.5							1.67E-06	1.38E-04		
-519.5							2.50E-06	1.19E-04		
-514.5							2.29E-06	1.08E-04		
-509.5							1.46E-06	1.00E-04		
-504.5								8.10E-05		
-499.5								7.29E-05		
-494.5								6.44E-05		
-489.5								4.90E-05		
-484.5								0.00003916		
-479.5								3.38E-05		
-474.5								2.83E-05		
-469.5								2.08E-05		
-464.5								0.000014997		
-459.5								1.31E-05		
-454.5								1.29E-05		
-449.5								7.92E-06		
-444.5								0.00000542		
-439.5								0.000003749		
-434.5								2.91E-06		
-429.5								1.04E-06		
-424.5								1.04E-06		
-419.5								4.18E-07		
-414.5								0		
-409.5										
-404.5										
-399.5										
-394.5										
-389.5										
-384.5										
-379.5										
-374.5										
-369.5										
-364.5										
-359.5										
-354.5										
-349.5										
-344.5										
-339.5										
-334.5										
-329.5										
-324.5										
-319.5										
-314.5										
-309.5										
-304.5										
-299.5										
-294.5										
-289.5										
-284.5										
-279.5										
-274.5										
-269.5										
-264.5										
-259.5										
-254.5										
-249.5										
-244.5										
-239.5										
-234.5										
-229.5										
-224.5										
-219.5										
-214.5										
-209.5										
-204.5										
-199.5										
-194.5										
-189.5										
-184.5										
-179.5										
-174.5										
-169.5										
-164.5										
-159.5										
-154.5										
-149.5										
-144.5										
-139.5										
-134.5										
-129.5										
-124.5										
-119.5										
-114.5										
-109.5										
-104.5										
-99.5										
-94.5										
-89.5										
-84.5										
-79.5										
-74.5										
-69.5										
-64.5										
-59.5										
-54.5										
-49.5										
-44.5										
-39.5										
-34.5										
-29.5										
-24.5										
-19.5										
-14.5										
-9.5										
-4.5										
0.5										
5.5										
10.5										
15.5										
20.5										
25.5										
30.5										
35.5										
40.5										
45.5										
50.5										
55.5										
60.5										
65.5										
70.5										
75.5										
80.5										
85.5										
90.5										
95.5										
100.5										
105.5										
110.5										
115.5										
120.5										
125.5										
130.5										
135.5										
140.5										
145.5										
150.5										
155.5										
160.5										
165.5										
170.5										
175.5										
180.5										
185.5										
190.5										
195.5										
200.5										
205.5										
210.5										
215.5										
220.5										
225.5										
230.5										
235.5										
240.5										
245.5										
250.5										
255.5										
260.5										
265.5										
270.5										
275.5										
280.5										
285.5										
290.5										
295.5										
300.5										
305.5										
310.5										
315.5										
320.5										
325.5										
330.5										
335.5										
340.5										
345.5										
350.5										
355.5										
360.5										
365.5										
370.5										
375.5										
380.5										
385.5										
390.5										
395.5										
400.5										
405.5										
410.5										
415.5										
420.5										
425.5										
430.5										
435.5										
440.5										
445.5										
450.5										
455.5										
460.5										
465.5										
470.5										
475.5										
480.5										
485.5										
490.5										
495.5										
500.5										
505.5										
510.5										
515.5										
520.5										
525.5										
530.5										
535.5										
540.5										
545.5										
550.5										
555.5										
560.5										
565.5										
570.5										
575.5										
580.5										
585.5										
590.5									0	
595.5									4.17E-07	
600.5									2.0836E-06	
605.5									1.6663E-06	
610.5									0.000005208	
615.5									0.000004791	
620.5									0.000008958	
625.5									0.00000875	
630.5									0.000017083	
635.5									0.000022709	
640.5									0.000028333	
645.5									0.00003521	
650.5									0.00006042	
655.5									0.00009083	
660.5									0.00015938	
665.5									0.00023229	
670.5									0.00031479	
675.5									0.0004038	
680.5									0.0004929	
685.5									0.0005921	
690.5									0.0006602	
695.5									0.0007104	
700.5									0.0007913	
705.5									0.0008425	
710.5									0.0009021	
715.5									0.0009406	
720.5									0.0010104	
725.5									0.0010444	
730.5									0.0010763	
735.5									0.001071	
740.5									0.001126	
745.5									0.0011529	
750.5									0.0012567	
755.5									0.0012981	
760.5									0.0013517	
765.5									0.001441	
770.5									0.001459	
775.5									0.0014738	
780.5									0.0014896	
785.5									0.0014679	
790.5									0.0014748	
795.5									0.0014992	
800.5									0.0014871	
805.5									0.0014933	
810.5									0.0014958	
815.5									0.0014733	
820.5									0.0015304	
825.5									0.0015275	
830.5									0.0015027	
835.5									0.0014696	
840.5									0.0015263	
845.5									0.0015017	
850.5									0.0015015	
855.5									0.0014881	
860.5									0.0015371	
865.5									0.0015152	
870.5									0.0015479	
875.5									0.0015092	
880.5									0.0015156	
885.5									0.0015008	
890.5									0.0015083	
895.5									0.0015075	
900.5									0.0015027	
905.5									0.0015044	
910.5									0.0015121	
915.5									0.0015515	
920.5									0.0015035	
925.5									0.0015079	
930.5									0.0014971	
935.5									0.001529	
940.5									0.0015219	
945.5									0.0015367	
950.5									0.001524	
955.5									0.0015352	
960.5									0.0015235	
965.5									0.001544	
970.5									0.0015317	
975.5									0.0015248	
980.5									0.0014971	
985.5									0.0015354	
990.5									0.001504	
995.5									0.0015194	
1000.5									0.0015231	
1005.5									0.0015335	
1010.5									0.0014835	
1015.5									0.0015198	
1020.5									0.001539	
1025.5									0.0014977	
1030.5									0.0015188	
1035.5									0.0014985	
1040.5									0.0014923	
1045.5									0.0015177	
1050.5									0.0015069	
1055.5									0.0015231	
1060.5									0.001506	
1065.5									0.0014852	
1070.5									0.0015479	
1075.5									0.0015115	
1080.5									0.001506	
1085.5									0.0015015	
1090.5									0.0014894	
1095.5									0.0015233	
1100.5									0.00152	
1105.5									0.0015175	
1110.5									0.0015	
1115.5									0.0014829	
1120.5									0.0015121	
1125.5									0.0015231	
1130.5									0.0014935	
1135.5									0.0014813	
1140.5									0.0014985	
1145.5									0.0015029	
1150.5									0.0015165	
1155.5									0.0015227	
1160.5									0.0015227	
1165.5									0.00152	
1170.5									0.0015317	
1175.5									0.0015202	
1180.5									0.0015108	
1185.5									0.0015019	
1190.5									0.001506	
1195.5									0.00154	
1200.5									0.001521	
1205.5									0.0015142	
1210.5									0.0015015	
1215.5									0.0014802	
1220.5									0.0015254	
1225.5									0.0015233	
1230.5									0.0015004	
1235.5									0.001514	
1240.5									0.0015192	
1245.5									0.0015008	
1250.5									0.0015004	
1255.5									0.0015219	
1260.5									0.0015023	
1265.5									0.0015102	
1270.5									0.0015096	
1275.5									0.0015198	
1280.5									0.0015208	
1285.5									0.0014977	
1290.5									0.0014923	
1295.5									0.0015113	
1300.5									0.0015108	
1305.5									0.0015225	
1310.5									0.0015323	
1315.5									0.001524	
1320.5									0.0014421	
1325.5									0.0014077	
1330.5									0.0012483	
1335.5									0.0010883	
1340.5									0.0009438	
1345.5									0.0008265	
1350.5									0.0007529	
1355.5									0.0007192	
1360.5									0.0007083	
1365.5									0.0006835	
1370.5									0.0006819	
1375.5									0.0006956	
1380.5									0.000685	
1385.5									0.0006981	
1390.5									0.0006535	
1395.5									0.0005958	
1400.5									0.0004415	
1405.5									0.00026875	
1410.5									0.00011479	
1415.5									0.00004042	
1420.5									0.000009791	
1425.5									3.1246E-06	
1430.5									0	
1435.5									0	
1440.5									0	
1445.5										
1450.5										0
1455.5										2.06E-07
1460.5										7.50E-06
1465.5										2.33E-05
1470.5										4.02E-05
1475.5										9.04E-05
1480.5										2.07E-04
1485.5										4.09E-04
1490.5										6.55E-04
1495.5										1.01E-03
1500.5										0.0014267
1505.5										1.95E-03
1510.5										2.54E-03
1515.5										3.17E-03
1520.5										3.86E-03
1525.5										4.47E-03
1530.5										4.93E-03
1535.5										5.12E-03
1540.5										0.005327
1545.5										5.54E-03
1550.5										5.71E-03
1555.5										6.06E-03
1560.5										6.39E-03
1565.5										6.71E-03
1570.5										6.90E-03
1575.5										7.14E-03
1580.5										7.29E-03
1585.5										7.33E-03
1590.5										7.35E-03
1595.5										7.20E-03
1600.5										6.90E-03
1605.5										6.59E-03
1610.5										6.18E-03
1615.5										5.74E-03
1620.5										5.40E-03
1625.5										0.004989
1630.5										4.71E-03
1635.5										4.32E-03
1640.5										3.99E-03
1645.5										0.003521
1650.5										0.00319
1655.5										2.85E-03
1660.5										0.0025867
1665.5										0.002324
1670.5										2.11E-03
1675.5										1.90E-03
1680.5										1.72E-03
1685.5										1.58E-03
1690.5										1.47E-03
1695.5										1.41E-03
1700.5										1.35E-03
1705.5										1.32E-03
1710.5										1.32E-03
1715.5										1.32E-03
1720.5										1.31E-03
1725.5										1.22E-03
1730.5										1.20E-03
1735.5										0.0010727
1740.5										9.58E-04
1745.5										8.65E-04
1750.5										7.59E-04
1755.5										0.000656
1760.5										5.80E-04
1765.5										5.04E-04
1770.5										4.45E-04
1775.5										0.0003681
1780.5										0.00030063
1785.5										0.00025937
1790.5										2.10E-04
1795.5										1.81E-04
1800.5										1.40E-04
1805.5										0.00011812
1810.5										0.00009979
1815.5										1.01E-04
1820.5										8.85E-05
1825.5										8.98E-05
1830.5										8.04E-05
1835.5										8.29E-05
1840.5										0.00007771
1845.5										0.00006729
1850.5										5.83E-05
1855.5										5.33E-05
1860.5										5.13E-05
1865.5										4.65E-05
1870.5										4.48E-05
1875.5										0.00003917
1880.5										3.50E-05
1885.5										3.02E-05
1890.5										2.85E-05
1895.5										2.77E-05
1900.5										0.00002625
1905.5										0.000023539
1910.5										0.000024582
1915.5										0.000020418
1920.5										2.25E-05
1925.5										1.42E-05
1930.5										0.000011458
1935.5										5.21E-06
1940.5										1.46E-06
1945.5										4.19E-07
1950.5										0.00E+00