time	TH3	TH2	TH1
-8554.5			
-8549.5			
-8544.5			
-8539.5			
-8534.5			
-8529.5			
-8524.5			
-8519.5			
-8514.5			
-8509.5			
-8504.5			
-8499.5			
-8494.5			
-8489.5			
-8484.5			
-8479.5			
-8474.5			
-8469.5			
-8464.5			
-8459.5			
-8454.5			
-8449.5			
-8444.5			
-8439.5			
-8434.5			
-8429.5			
-8424.5			
-8419.5			
-8414.5			
-8409.5			
-8404.5			
-8399.5			
-8394.5			
-8389.5			
-8384.5			
-8379.5			
-8374.5			
-8369.5			
-8364.5			
-8359.5			
-8354.5			
-8349.5			
-8344.5			
-8339.5			
-8334.5			
-8329.5			
-8324.5			
-8319.5			
-8314.5			
-8309.5			
-8304.5			
-8299.5			
-8294.5			
-8289.5			
-8284.5			
-8279.5			
-8274.5			
-8269.5			
-8264.5			
-8259.5			
-8254.5			
-8249.5			
-8244.5			
-8239.5			
-8234.5			
-8229.5			
-8224.5			
-8219.5			
-8214.5			
-8209.5			
-8204.5			
-8199.5			
-8194.5			
-8189.5			
-8184.5			
-8179.5			
-8174.5			
-8169.5			
-8164.5			
-8159.5			
-8154.5			
-8149.5			
-8144.5			
-8139.5			
-8134.5			
-8129.5			
-8124.5			
-8119.5			
-8114.5			
-8109.5			
-8104.5			
-8099.5			
-8094.5			
-8089.5			
-8084.5			
-8079.5			
-8074.5			
-8069.5			
-8064.5			
-8059.5			
-8054.5			
-8049.5			
-8044.5			
-8039.5			
-8034.5			
-8029.5			
-8024.5			
-8019.5			
-8014.5			
-8009.5			
-8004.5			
-7999.5			
-7994.5			
-7989.5			
-7984.5			
-7979.5			
-7974.5			
-7969.5			
-7964.5			
-7959.5			
-7954.5			
-7949.5			
-7944.5			
-7939.5			
-7934.5			
-7929.5			
-7924.5			
-7919.5			
-7914.5			
-7909.5			
-7904.5			
-7899.5			
-7894.5			
-7889.5			
-7884.5			
-7879.5			
-7874.5			
-7869.5			
-7864.5			
-7859.5			
-7854.5			
-7849.5			
-7844.5			
-7839.5			
-7834.5			
-7829.5			
-7824.5			
-7819.5			
-7814.5			
-7809.5			
-7804.5			
-7799.5			
-7794.5			
-7789.5			
-7784.5			
-7779.5			
-7774.5			
-7769.5			
-7764.5			
-7759.5			
-7754.5			
-7749.5			
-7744.5			
-7739.5			
-7734.5			
-7729.5			
-7724.5			
-7719.5			
-7714.5			
-7709.5			
-7704.5			
-7699.5			
-7694.5			
-7689.5			
-7684.5			
-7679.5			
-7674.5			
-7669.5			
-7664.5			
-7659.5			
-7654.5			
-7649.5			
-7644.5			
-7639.5			
-7634.5			
-7629.5			
-7624.5			
-7619.5			
-7614.5			
-7609.5			
-7604.5			
-7599.5			
-7594.5			
-7589.5			
-7584.5			
-7579.5			
-7574.5			
-7569.5			
-7564.5			
-7559.5			
-7554.5			
-7549.5			
-7544.5			
-7539.5			
-7534.5			
-7529.5			
-7524.5			
-7519.5			
-7514.5			
-7509.5			
-7504.5			
-7499.5			
-7494.5			
-7489.5			
-7484.5			
-7479.5			
-7474.5			
-7469.5			
-7464.5			
-7459.5			
-7454.5			
-7449.5			
-7444.5			
-7439.5			
-7434.5			
-7429.5			
-7424.5			
-7419.5			
-7414.5			
-7409.5			
-7404.5			
-7399.5			
-7394.5			
-7389.5			
-7384.5			
-7379.5			
-7374.5			
-7369.5			
-7364.5			
-7359.5			
-7354.5			
-7349.5			
-7344.5			
-7339.5			
-7334.5			
-7329.5			
-7324.5			
-7319.5			
-7314.5			
-7309.5			
-7304.5			
-7299.5			
-7294.5			
-7289.5			
-7284.5			
-7279.5			
-7274.5			
-7269.5			
-7264.5			
-7259.5			
-7254.5			
-7249.5			
-7244.5			
-7239.5			
-7234.5			
-7229.5			
-7224.5			
-7219.5			
-7214.5			
-7209.5			
-7204.5			
-7199.5			
-7194.5			
-7189.5			
-7184.5			
-7179.5			
-7174.5			
-7169.5			
-7164.5			
-7159.5			
-7154.5			
-7149.5			
-7144.5			
-7139.5			
-7134.5			
-7129.5			
-7124.5			
-7119.5			
-7114.5			
-7109.5			
-7104.5			
-7099.5			
-7094.5			
-7089.5			
-7084.5			
-7079.5			
-7074.5			
-7069.5			
-7064.5			
-7059.5			
-7054.5			
-7049.5			
-7044.5			
-7039.5			
-7034.5			
-7029.5			
-7024.5			
-7019.5			
-7014.5			
-7009.5			
-7004.5			
-6999.5			
-6994.5			
-6989.5			
-6984.5			
-6979.5			
-6974.5			
-6969.5			
-6964.5			
-6959.5			
-6954.5			
-6949.5			
-6944.5			
-6939.5			
-6934.5			
-6929.5			
-6924.5			
-6919.5			
-6914.5			
-6909.5			
-6904.5			
-6899.5			
-6894.5			
-6889.5			
-6884.5			
-6879.5			
-6874.5			
-6869.5			
-6864.5			
-6859.5			
-6854.5			
-6849.5			
-6844.5			
-6839.5			
-6834.5			
-6829.5			
-6824.5			
-6819.5			
-6814.5			
-6809.5			
-6804.5			
-6799.5			
-6794.5			
-6789.5			
-6784.5			
-6779.5			
-6774.5			
-6769.5			
-6764.5			
-6759.5			
-6754.5			
-6749.5			
-6744.5			
-6739.5			
-6734.5			
-6729.5			
-6724.5			
-6719.5			
-6714.5			
-6709.5			
-6704.5			
-6699.5			
-6694.5			
-6689.5			
-6684.5			
-6679.5			
-6674.5			
-6669.5			
-6664.5			
-6659.5			
-6654.5			
-6649.5			
-6644.5			
-6639.5			
-6634.5			
-6629.5			
-6624.5			
-6619.5			
-6614.5			
-6609.5			
-6604.5			
-6599.5			
-6594.5			
-6589.5			
-6584.5			
-6579.5			
-6574.5			
-6569.5			
-6564.5			
-6559.5			
-6554.5			
-6549.5			
-6544.5			
-6539.5			
-6534.5			
-6529.5			
-6524.5			
-6519.5			
-6514.5			
-6509.5			
-6504.5			
-6499.5			
-6494.5			
-6489.5			
-6484.5			
-6479.5			
-6474.5			
-6469.5			
-6464.5			
-6459.5			
-6454.5			
-6449.5			
-6444.5			
-6439.5			
-6434.5			
-6429.5			
-6424.5			
-6419.5			
-6414.5			
-6409.5			
-6404.5			
-6399.5			
-6394.5			
-6389.5			
-6384.5			
-6379.5			
-6374.5			
-6369.5			
-6364.5			
-6359.5			
-6354.5			
-6349.5			
-6344.5			
-6339.5			
-6334.5			
-6329.5			
-6324.5			
-6319.5			
-6314.5			
-6309.5			
-6304.5			
-6299.5			
-6294.5			
-6289.5			
-6284.5			
-6279.5			
-6274.5			
-6269.5			
-6264.5			
-6259.5			
-6254.5			
-6249.5			
-6244.5			
-6239.5			
-6234.5			
-6229.5			
-6224.5			
-6219.5			
-6214.5			
-6209.5			
-6204.5			
-6199.5			
-6194.5			
-6189.5			
-6184.5			
-6179.5			
-6174.5			
-6169.5			
-6164.5			
-6159.5			
-6154.5			
-6149.5			
-6144.5			
-6139.5			
-6134.5			
-6129.5			
-6124.5			
-6119.5			
-6114.5			
-6109.5			
-6104.5			
-6099.5			
-6094.5			
-6089.5			
-6084.5			
-6079.5			
-6074.5			
-6069.5			
-6064.5			
-6059.5			
-6054.5			
-6049.5			
-6044.5			
-6039.5			
-6034.5			
-6029.5			
-6024.5			
-6019.5			
-6014.5			
-6009.5			
-6004.5			
-5999.5			
-5994.5			
-5989.5			
-5984.5			
-5979.5			
-5974.5			
-5969.5			
-5964.5			
-5959.5			
-5954.5			
-5949.5			
-5944.5			
-5939.5	0		
-5934.5	2.08E-07		
-5929.5	7.30E-07		
-5924.5	1.56E-06		
-5919.5	2.40E-06		
-5914.5	1.87E-06		
-5909.5	2.19E-06		
-5904.5	2.71E-06		
-5899.5	0.000003438		
-5894.5	0.000004062		
-5889.5	0.000005938		
-5884.5	0.000007396		
-5879.5	0.000008645		
-5874.5	0.000009166		
-5869.5	0.000012188		
-5864.5	0.000014375		
-5859.5	0.000016667		
-5854.5	0.000014896		
-5849.5	0.000018125		
-5844.5	0.000025626		
-5839.5	0.000027292		
-5834.5	0.000024792		
-5829.5	0.000029062		
-5824.5	0.00003406		
-5819.5	0.00003542		
-5814.5	0.00004062		
-5809.5	0.00004333		
-5804.5	0.00004552		
-5799.5	0.0000476		
-5794.5	0.00005083		
-5789.5	0.00005562		
-5784.5	0.00006385		
-5779.5	0.0000599		
-5774.5	0.00007281		
-5769.5	0.00007573		
-5764.5	0.00008094		
-5759.5	0.00008635		
-5754.5	0.00009125		
-5749.5	0.00009927		
-5744.5	0.00010063		
-5739.5	0.00011146		
-5734.5	0.00011771		
-5729.5	0.00012656		
-5724.5	0.00012948		
-5719.5	0.00013458		
-5714.5	0.0001449		
-5709.5	0.00014729		
-5704.5	0.00015531		
-5699.5	0.00016146		
-5694.5	0.00016656		
-5689.5	0.00017927		
-5684.5	0.00018677		
-5679.5	0.00019448		
-5674.5	0.00019511		
-5669.5	0.00020563		
-5664.5	0.00020979		
-5659.5	0.0002249		
-5654.5	0.00023229		
-5649.5	0.00023906		
-5644.5	0.00024698		
-5639.5	0.00026604		
-5634.5	0.00026136		
-5629.5	0.00026646		
-5624.5	0.00028167		
-5619.5	0.00029333		
-5614.5	0.00029917		
-5609.5	0.00029833		
-5604.5	0.00031594		
-5599.5	0.0003215		
-5594.5	0.0003282		
-5589.5	0.0003329		
-5584.5	0.0003442		
-5579.5	0.0003651		
-5574.5	0.0003559		
-5569.5	0.0003623		
-5564.5	0.0003728		
-5559.5	0.0003743		
-5554.5	0.0003927		
-5549.5	0.0004019		
-5544.5	0.0004073		
-5539.5	0.00043		
-5534.5	0.0004263		
-5529.5	0.0004439		
-5524.5	0.0004528		
-5519.5	0.0004504		
-5514.5	0.0004577		
-5509.5	0.000457		
-5504.5	0.0004698		
-5499.5	0.0004971		
-5494.5	0.0004966		
-5489.5	0.0004948		
-5484.5	0.0005259		
-5479.5	0.0005152		
-5474.5	0.000531		
-5469.5	0.0005378		
-5464.5	0.0005379		
-5459.5	0.0005486		
-5454.5	0.000565		
-5449.5	0.0005745		
-5444.5	0.0005723		
-5439.5	0.0005815		
-5434.5	0.0005817		
-5429.5	0.0005946		
-5424.5	0.0005967		
-5419.5	0.0006195		
-5414.5	0.0006297		
-5409.5	0.0006127		
-5404.5	0.0006341		
-5399.5	0.0006355		
-5394.5	0.0006471		
-5389.5	0.0006578		
-5384.5	0.0006565		
-5379.5	0.0006616		
-5374.5	0.0006809		
-5369.5	0.0006939		
-5364.5	0.0006999		
-5359.5	0.0006967		
-5354.5	0.0007005		
-5349.5	0.0007118		
-5344.5	0.0007126		
-5339.5	0.0007172		
-5334.5	0.0007249		
-5329.5	0.0007442		
-5324.5	0.0007707		
-5319.5	0.0007511		
-5314.5	0.0007643		
-5309.5	0.0007728		
-5304.5	0.000778		
-5299.5	0.0007741		
-5294.5	0.000786		
-5289.5	0.0007781		
-5284.5	0.0008089		
-5279.5	0.0008067		
-5274.5	0.0008227		
-5269.5	0.0008144		
-5264.5	0.0008271		
-5259.5	0.0008361		
-5254.5	0.000853		
-5249.5	0.0008389		
-5244.5	0.000865		
-5239.5	0.0008424		
-5234.5	0.0008401		
-5229.5	0.0008545		
-5224.5	0.0008417		
-5219.5	0.0008643		
-5214.5	0.0008779		
-5209.5	0.0008961		
-5204.5	0.0008724		
-5199.5	0.0008913		
-5194.5	8.79E-04		
-5189.5	8.98E-04		
-5184.5	9.02E-04		
-5179.5	9.04E-04		
-5174.5	9.06E-04		
-5169.5	9.03E-04		
-5164.5	9.12E-04		
-5159.5	9.21E-04		
-5154.5	9.24E-04		
-5149.5	9.29E-04		
-5144.5	0.0009143		
-5139.5	0.0009535		
-5134.5	0.0009319		
-5129.5	0.0009502		
-5124.5	0.0009414		
-5119.5	0.0009388		
-5114.5	0.0009375		
-5109.5	0.0009514		
-5104.5	0.0009546		
-5099.5	0.0009649		
-5094.5	0.0009475		
-5089.5	0.0009921		
-5084.5	0.0009754		
-5079.5	0.0009622		
-5074.5	0.0009679		
-5069.5	0.0009848		
-5064.5	0.0009726		
-5059.5	0.0009763		
-5054.5	0.0009788		
-5049.5	0.0009696		
-5044.5	0.0009841		
-5039.5	0.0009749		
-5034.5	0.0009832		
-5029.5	0.0009968		
-5024.5	0.0009758		
-5019.5	0.0009911		
-5014.5	0.0009988		
-5009.5	0.0010116		
-5004.5	0.0009888		
-4999.5	0.0009911		
-4994.5	0.000991		
-4989.5	0.0010023		
-4984.5	0.0010049		
-4979.5	0.0009904		
-4974.5	0.0010031		
-4969.5	0.0009994		
-4964.5	0.0010217		
-4959.5	0.0010006		
-4954.5	0.0009967		
-4949.5	0.0009904		
-4944.5	0.0010064		
-4939.5	0.0010116		
-4934.5	0.000998		
-4929.5	0.0010139		
-4924.5	0.000999		
-4919.5	0.0009802		
-4914.5	0.0010054		
-4909.5	0.0009961		
-4904.5	0.0010106		
-4899.5	0.0009868		
-4894.5	0.0009843		
-4889.5	0.0009924		
-4884.5	0.0010077		
-4879.5	0.0009914		
-4874.5	0.0009824		
-4869.5	0.0009768		
-4864.5	0.0009882		
-4859.5	0.0009738		
-4854.5	0.0009705		
-4849.5	0.0009583		
-4844.5	0.000976		
-4839.5	0.0009704		
-4834.5	0.0009525		
-4829.5	0.0009607		
-4824.5	0.0009546		
-4819.5	0.0009527		
-4814.5	0.0009459		
-4809.5	0.0009432		
-4804.5	0.0009532		
-4799.5	0.0009381		
-4794.5	0.0009389		
-4789.5	0.0009377		
-4784.5	0.0009486		
-4779.5	0.0009166		
-4774.5	0.0009251		
-4769.5	0.0008975		
-4764.5	0.0008968		
-4759.5	0.0009007		
-4754.5	0.0008935		
-4749.5	0.0008994		
-4744.5	0.0008957		
-4739.5	0.000898		
-4734.5	0.0008896		
-4729.5	0.0009026		
-4724.5	0.0008813		
-4719.5	0.0008645		
-4714.5	0.0008746		
-4709.5	0.0008742		
-4704.5	0.0008452		
-4699.5	0.0008495		
-4694.5	0.0008535		
-4689.5	0.0008333		
-4684.5	0.0008273		
-4679.5	0.0008226		
-4674.5	0.0008174		
-4669.5	0.0008177		
-4664.5	0.0008083		
-4659.5	0.0008044		
-4654.5	0.0008076		
-4649.5	0.0007998		
-4644.5	0.0007946		
-4639.5	0.0007666		
-4634.5	0.0007792		
-4629.5	0.0007608		
-4624.5	0.0007524		
-4619.5	0.000739		
-4614.5	0.0007608		
-4609.5	0.0007551		
-4604.5	0.0007166		
-4599.5	0.000721		
-4594.5	0.000716		
-4589.5	0.0007099		
-4584.5	0.0006915		
-4579.5	0.0006896		
-4574.5	0.0006895		
-4569.5	0.0006688		
-4564.5	0.0006648		
-4559.5	0.000655		
-4554.5	0.0006494		
-4549.5	0.0006413		
-4544.5	6.35E-04		
-4539.5	6.24E-04		
-4534.5	6.20E-04		
-4529.5	6.12E-04		
-4524.5	5.98E-04		
-4519.5	6.01E-04		
-4514.5	6.02E-04		
-4509.5	0.0005919		
-4504.5	0.0005742		
-4499.5	0.0005722		
-4494.5	0.0005404		
-4489.5	0.0005506		
-4484.5	0.0005424		
-4479.5	0.0005222		
-4474.5	0.0005157		
-4469.5	0.0005102		
-4464.5	0.0005018		
-4459.5	0.0004841		
-4454.5	0.0004819		
-4449.5	0.0004657		
-4444.5	0.0004553		
-4439.5	0.0004458		
-4434.5	0.0004477		
-4429.5	0.0004417		
-4424.5	0.0004135		
-4419.5	0.0003983		
-4414.5	0.0003997		
-4409.5	0.0004041		
-4404.5	0.000383		
-4399.5	0.0003739		
-4394.5	0.0003676		
-4389.5	0.0003588		
-4384.5	0.0003491		
-4379.5	0.0003345		
-4374.5	0.0003288		
-4369.5	0.0003338		
-4364.5	0.0003149		
-4359.5	0.00030156		
-4354.5	0.00029604		
-4349.5	0.00028635		
-4344.5	0.00027865		
-4339.5	0.00027		
-4334.5	0.0002624		
-4329.5	0.00024719		
-4324.5	0.00024375		
-4319.5	0.00022958		
-4314.5	0.00022886		
-4309.5	0.00021542		
-4304.5	0.00020198		
-4299.5	0.00020188		
-4294.5	0.00018708		
-4289.5	0.00018635		
-4284.5	0.00016813		
-4279.5	0.00017135		
-4274.5	0.00016146		
-4269.5	0.00014406		
-4264.5	0.00014708		
-4259.5	0.00014156		
-4254.5	0.00013115		
-4249.5	0.00011687		
-4244.5	0.0001149		
-4239.5	0.00010823		
-4234.5	0.00010094		
-4229.5	0.00009906		
-4224.5	0.00008875		
-4219.5	0.00008667		
-4214.5	0.00008		
-4209.5	0.00007563		
-4204.5	0.0000701		
-4199.5	0.00006396		
-4194.5	0.00006594		
-4189.5	0.0000575		
-4184.5	0.00005177		
-4179.5	0.00004771		
-4174.5	0.00004573		
-4169.5	0.00003833		
-4164.5	0.00003771		
-4159.5	0.000030417		
-4154.5	0.000027605		
-4149.5	0.000026041		
-4144.5	0.000022396		
-4139.5	0.000017188		
-4134.5	0.000014688		
-4129.5	0.000015313		
-4124.5	0.000010834		
-4119.5	0.000012292		
-4114.5	0.00000823		
-4109.5	0.000008125		
-4104.5	0.000005625		
-4099.5	0.000004479		
-4094.5	0.000004687		
-4089.5	2.60E-06		
-4084.5	1.35E-06		
-4079.5	0.000001979		
-4074.5	1.25E-06		
-4069.5	1.04E-06		
-4064.5	1.04E-07		
-4059.5	0		
-4054.5	0		
-4049.5	0		
-4044.5	0		
-4039.5	0		
-4034.5	0		
-4029.5	0		
-4024.5	0		
-4019.5	0		
-4014.5	0		
-4009.5	0		
-4004.5	0		
-3999.5	0		
-3994.5	0		
-3989.5	0		
-3984.5	0		
-3979.5	0		
-3974.5	0		
-3969.5	0		
-3964.5	0		
-3959.5	0		
-3954.5	0		
-3949.5	0		
-3944.5	0		
-3939.5	0		
-3934.5	0		
-3929.5	0		
-3924.5	0		
-3919.5	0		
-3914.5	0		
-3909.5	0		
-3904.5	0		
-3899.5	0		
-3894.5	0		
-3889.5	0		
-3884.5	0		
-3879.5	0		
-3874.5	0		
-3869.5	0		
-3864.5	0		
-3859.5	0		
-3854.5	0		
-3849.5	0		
-3844.5	0		
-3839.5	0		
-3834.5	0		
-3829.5	0		
-3824.5	0		
-3819.5	0		
-3814.5	0		
-3809.5	0		
-3804.5	0		
-3799.5	0		
-3794.5	0		
-3789.5	0		
-3784.5	0		
-3779.5	0		
-3774.5	0		
-3769.5	0		
-3764.5	0		
-3759.5	0		
-3754.5	0		
-3749.5	0		
-3744.5	0		
-3739.5	0		
-3734.5	0		
-3729.5	0		
-3724.5	0		
-3719.5	0		
-3714.5	0		
-3709.5	0		
-3704.5	0		
-3699.5	0		
-3694.5	0		
-3689.5			
-3684.5			
-3679.5			
-3674.5			
-3669.5			
-3664.5			
-3659.5			
-3654.5			
-3649.5			
-3644.5			
-3639.5			
-3634.5			
-3629.5			
-3624.5			
-3619.5			
-3614.5			
-3609.5			
-3604.5			
-3599.5			
-3594.5			
-3589.5			
-3584.5			
-3579.5			
-3574.5			
-3569.5			
-3564.5			
-3559.5			
-3554.5			
-3549.5			
-3544.5			
-3539.5			
-3534.5			
-3529.5			
-3524.5			
-3519.5			
-3514.5			
-3509.5			
-3504.5			
-3499.5			
-3494.5			
-3489.5			
-3484.5			
-3479.5			
-3474.5			
-3469.5			
-3464.5			
-3459.5			
-3454.5			
-3449.5			
-3444.5			
-3439.5			
-3434.5			
-3429.5			
-3424.5			
-3419.5			
-3414.5			
-3409.5			
-3404.5			
-3399.5			
-3394.5			
-3389.5			
-3384.5			
-3379.5			
-3374.5			
-3369.5			
-3364.5			
-3359.5			
-3354.5			
-3349.5			
-3344.5			
-3339.5			
-3334.5			
-3329.5			
-3324.5			
-3319.5			
-3314.5			
-3309.5			
-3304.5			
-3299.5			
-3294.5			
-3289.5			
-3284.5			
-3279.5			
-3274.5			
-3269.5			
-3264.5			
-3259.5			
-3254.5			
-3249.5			
-3244.5			
-3239.5			
-3234.5			
-3229.5			
-3224.5			
-3219.5			
-3214.5			
-3209.5			
-3204.5			
-3199.5			
-3194.5			
-3189.5			
-3184.5			
-3179.5			
-3174.5			
-3169.5			
-3164.5			
-3159.5			
-3154.5			
-3149.5			
-3144.5			
-3139.5			
-3134.5			
-3129.5			
-3124.5			
-3119.5			
-3114.5			
-3109.5			
-3104.5		0	
-3099.5		1.05E-07	
-3094.5		5.21E-07	
-3089.5		2.10E-07	
-3084.5		1.88E-06	
-3079.5		0.000007502	
-3074.5		0.000014999	
-3069.5		0.000026668	
-3064.5		0.00004104	
-3059.5		0.00005969	
-3054.5		0.00006927	
-3049.5		0.0000751	
-3044.5		0.00008073	
-3039.5		0.0000775	
-3034.5		0.00008562	
-3029.5		0.0000901	
-3024.5		0.00010396	
-3019.5		0.00012937	
-3014.5		0.00017958	
-3009.5		0.000265	
-3004.5		0.0004046	
-2999.5		0.0005975	
-2994.5		0.0007828	
-2989.5		0.0010107	
-2984.5		0.001169	
-2979.5		0.0013289	
-2974.5		0.001443	
-2969.5		0.0015678	
-2964.5		0.0017024	
-2959.5		0.0018215	
-2954.5		0.001973	
-2949.5		0.0020826	
-2944.5		0.0022715	
-2939.5		0.0023703	
-2934.5		0.0024982	
-2929.5		0.0026252	
-2924.5		0.0028194	
-2919.5		0.0030759	
-2914.5		0.003324	
-2909.5		0.003633	
-2904.5		0.00389	
-2899.5		0.004	
-2894.5		4.04E-03	
-2889.5		4.01E-03	
-2884.5		3.96E-03	
-2879.5		3.85E-03	
-2874.5		3.75E-03	
-2869.5		3.66E-03	
-2864.5		3.59E-03	
-2859.5		3.49E-03	
-2854.5		0.003463	
-2849.5		3.35E-03	
-2844.5		3.28E-03	
-2839.5		3.17E-03	
-2834.5		3.15E-03	
-2829.5		3.04E-03	
-2824.5		2.97E-03	
-2819.5		2.93E-03	
-2814.5		0.002807	
-2809.5		2.79E-03	
-2804.5		2.73E-03	
-2799.5		2.64E-03	
-2794.5		2.58E-03	
-2789.5		2.52E-03	
-2784.5		2.46E-03	
-2779.5		2.40E-03	
-2774.5		2.35E-03	
-2769.5		2.28E-03	
-2764.5		2.22E-03	
-2759.5		2.12E-03	
-2754.5		2.13E-03	
-2749.5		2.08E-03	
-2744.5		2.00E-03	
-2739.5		1.95E-03	
-2734.5		1.92E-03	
-2729.5		0.0018766	
-2724.5		1.83E-03	
-2719.5		1.74E-03	
-2714.5		1.68E-03	
-2709.5		0.0016485	
-2704.5		0.0016059	
-2699.5		1.60E-03	
-2694.5		0.001535	
-2689.5		0.001506	
-2684.5		1.47E-03	
-2679.5		1.43E-03	
-2674.5		1.39E-03	
-2669.5		1.35E-03	
-2664.5		1.30E-03	
-2659.5		1.29E-03	
-2654.5		1.24E-03	
-2649.5		1.20E-03	
-2644.5		1.16E-03	
-2639.5		1.14E-03	
-2634.5		1.09E-03	
-2629.5		1.09E-03	
-2624.5		1.04E-03	
-2619.5		0.0010109	
-2614.5		9.78E-04	
-2609.5		9.32E-04	
-2604.5		9.19E-04	
-2599.5		0.0008924	
-2594.5		8.58E-04	
-2589.5		8.20E-04	
-2584.5		8.05E-04	
-2579.5		0.0007934	
-2574.5		0.0007684	
-2569.5		0.0007492	
-2564.5		7.22E-04	
-2559.5		6.74E-04	
-2554.5		6.50E-04	
-2549.5		0.0006543	
-2544.5		0.0006117	
-2539.5		5.98E-04	
-2534.5		5.60E-04	
-2529.5		5.51E-04	
-2524.5		5.38E-04	
-2519.5		5.12E-04	
-2514.5		0.0005082	
-2509.5		0.0004815	
-2504.5		4.62E-04	
-2499.5		4.46E-04	
-2494.5		4.21E-04	
-2489.5		4.03E-04	
-2484.5		3.83E-04	
-2479.5		0.000369	
-2474.5		3.49E-04	
-2469.5		3.50E-04	
-2464.5		3.31E-04	
-2459.5		3.02E-04	
-2454.5		0.00030104	
-2449.5		0.00028344	
-2444.5		0.00027375	
-2439.5		0.00026792	
-2434.5		2.59E-04	
-2429.5		2.30E-04	
-2424.5		0.00022562	
-2419.5		2.15E-04	
-2414.5		2.02E-04	
-2409.5		0.00019771	
-2404.5		1.85E-04	
-2399.5		0.00017625	
-2394.5		0.00016813	
-2389.5		1.53E-04	
-2384.5		0.00014323	
-2379.5		1.43E-04	
-2374.5		1.25E-04	
-2369.5		1.21E-04	
-2364.5		0.00011677	
-2359.5		1.07E-04	
-2354.5		0.00009844	
-2349.5		8.75E-05	
-2344.5		0.00008073	
-2339.5		8.05E-05	
-2334.5		7.29E-05	
-2329.5		0.00006771	
-2324.5		0.00006573	
-2319.5		0.00005719	
-2314.5		5.45E-05	
-2309.5		0.00004781	
-2304.5		4.14E-05	
-2299.5		0.0000399	
-2294.5		0.00003979	
-2289.5		0.00003521	
-2284.5		3.55E-05	
-2279.5		2.92E-05	
-2274.5		2.33E-05	
-2269.5		0.000020625	
-2264.5		0.00001896	
-2259.5		0.000018228	
-2254.5		0.000016979	
-2249.5		0.000014999	
-2244.5		0.00001354	
-2239.5		0.000008957	
-2234.5		0.000009167	
-2229.5		6.67E-06	
-2224.5		5.73E-06	
-2219.5		0.000005727	
-2214.5		0.000005105	
-2209.5		0.000004794	
-2204.5		0.000003856	
-2199.5		0.000003334	
-2194.5		2.29E-06	
-2189.5		0.000003229	
-2184.5		0.000001354	
-2179.5		1.25E-06	
-2174.5		1.25E-06	
-2169.5		1.04E-06	
-2164.5		1.25E-06	
-2159.5		8.33E-07	
-2154.5		8.33E-07	
-2149.5		7.28E-07	
-2144.5		7.28E-07	
-2139.5		4.16E-07	
-2134.5		4.16E-07	
-2129.5		4.16E-07	
-2124.5		4.16E-07	
-2119.5		3.11E-07	
-2114.5		3.11E-07	
-2109.5		4.16E-07	
-2104.5		0	
-2099.5		0	
-2094.5		0	
-2089.5		0	
-2084.5		0	
-2079.5		0	
-2074.5		0	
-2069.5			
-2064.5			
-2059.5			
-2054.5			
-2049.5			
-2044.5			
-2039.5			
-2034.5			
-2029.5			
-2024.5			
-2019.5			
-2014.5			
-2009.5			
-2004.5			
-1999.5			
-1994.5			
-1989.5			
-1984.5			
-1979.5			
-1974.5			
-1969.5			
-1964.5			
-1959.5			
-1954.5			
-1949.5			
-1944.5			
-1939.5			
-1934.5			
-1929.5			
-1924.5			
-1919.5			
-1914.5			
-1909.5			
-1904.5			
-1899.5			
-1894.5			
-1889.5			
-1884.5			
-1879.5			
-1874.5			
-1869.5			
-1864.5			
-1859.5			
-1854.5			
-1849.5			
-1844.5			
-1839.5			
-1834.5			
-1829.5			
-1824.5			
-1819.5			
-1814.5			
-1809.5			
-1804.5			
-1799.5			
-1794.5			
-1789.5			
-1784.5			
-1779.5			
-1774.5			
-1769.5			
-1764.5			
-1759.5			
-1754.5			
-1749.5			
-1744.5			
-1739.5			
-1734.5			
-1729.5			
-1724.5			
-1719.5			
-1714.5			
-1709.5			
-1704.5			
-1699.5			
-1694.5			
-1689.5			
-1684.5			
-1679.5			
-1674.5			
-1669.5			
-1664.5			
-1659.5			
-1654.5			
-1649.5			
-1644.5			
-1639.5			
-1634.5			
-1629.5			
-1624.5			
-1619.5			
-1614.5			
-1609.5			
-1604.5			
-1599.5			
-1594.5			
-1589.5			
-1584.5			
-1579.5			
-1574.5			
-1569.5			
-1564.5			
-1559.5			
-1554.5			
-1549.5			
-1544.5			
-1539.5			
-1534.5			
-1529.5			
-1524.5			
-1519.5			
-1514.5			
-1509.5			
-1504.5			
-1499.5			
-1494.5			
-1489.5			
-1484.5			
-1479.5			
-1474.5			
-1469.5			
-1464.5			
-1459.5			
-1454.5			
-1449.5			
-1444.5			
-1439.5			
-1434.5			
-1429.5			
-1424.5			0
-1419.5			0
-1414.5			0
-1409.5			0
-1404.5			0
-1399.5			0
-1394.5			0
-1389.5			0
-1384.5			0
-1379.5			0
-1374.5			0
-1369.5			0
-1364.5			0
-1359.5			0
-1354.5			0
-1349.5			0
-1344.5			0
-1339.5			0
-1334.5			0
-1329.5			0
-1324.5			0
-1319.5			0
-1314.5			0
-1309.5			0
-1304.5			0
-1299.5			0
-1294.5			0
-1289.5			0
-1284.5			0
-1279.5			0
-1274.5			0
-1269.5			0
-1264.5			0
-1259.5			0
-1254.5			0
-1249.5			0
-1244.5			0
-1239.5			0
-1234.5			0
-1229.5			0
-1224.5			0
-1219.5			0
-1214.5			0
-1209.5			0
-1204.5			0
-1199.5			0
-1194.5			0
-1189.5			0
-1184.5			0
-1179.5			0
-1174.5			0
-1169.5			0
-1164.5			0
-1159.5			0
-1154.5			0
-1149.5			0
-1144.5			0
-1139.5			0
-1134.5			0
-1129.5			0
-1124.5			0
-1119.5			0
-1114.5			0
-1109.5			0
-1104.5			0
-1099.5			0
-1094.5			0
-1089.5			0
-1084.5			0
-1079.5			0
-1074.5			0
-1069.5			0
-1064.5			0
-1059.5			0
-1054.5			0
-1049.5			0
-1044.5			0
-1039.5			0
-1034.5			0
-1029.5			0
-1024.5			0
-1019.5			0
-1014.5			0
-1009.5			0
-1004.5			0
-999.5			0
-994.5			0
-989.5			0
-984.5			0
-979.5			0
-974.5			0
-969.5			0
-964.5			0
-959.5			0
-954.5			0
-949.5			0
-944.5			0
-939.5			0
-934.5			0
-929.5			0
-924.5			0
-919.5			0
-914.5			6.17E-07
-909.5			1.44E-06
-904.5			0.000003663
-899.5			0.000010619
-894.5			0.00004688
-889.5			0.00015801
-884.5			0.0003434
-879.5			0.0005672
-874.5			0.0007206
-869.5			0.0008302
-864.5			0.0009316
-859.5			0.0010042
-854.5			0.0010577
-849.5			0.0011423
-844.5			0.001211
-839.5			0.0013893
-834.5			0.0017842
-829.5			0.0027769
-824.5			0.004868
-819.5			0.008278
-814.5			0.013118
-809.5			0.02084
-804.5			0.03254
-799.5			0.04116
-794.5			0.03326
-789.5			0.01734
-784.5			7.87E-03
-779.5			0.003363
-774.5			0.0012338
-769.5			0.0004052
-764.5			0.00018834
-759.5			0.00013467
-754.5			8.63E-05
-749.5			0.00007668
-744.5			0.00007116
-739.5			0.0000698
-734.5			7.25E-05
-729.5			6.87E-05
-724.5			6.31E-05
-719.5			6.89E-05
-714.5			6.32E-05
-709.5			6.64E-05
-704.5			6.75E-05
-699.5			6.67E-05
-694.5			6.98E-05
-689.5			6.87E-05
-684.5			6.44E-05
-679.5			6.36E-05
-674.5			4.33E-05
-669.5			2.86E-05
-664.5			2.70E-05
-659.5			2.45E-05
-654.5			2.70E-05
-649.5			2.54E-05
-644.5			2.70E-05
-639.5			2.47E-05
-634.5			1.94E-05
-629.5			1.81E-05
-624.5			0.0000128
-619.5			1.06E-05
-614.5			8.56E-06
-609.5			6.34E-06
-604.5			3.87E-06
-599.5			3.00E-06
-594.5			0.000001029
-589.5			7.41E-07
-584.5			3.29E-07
-579.5			2.06E-07
-574.5			1.23E-07
-569.5			2.06E-07
-564.5			0
-559.5			0
-554.5			0
-549.5			0
-544.5			0
-539.5			0
-534.5			0
-529.5			0
-524.5			0
-519.5			0
-514.5			0
-509.5			0
-504.5			0
-499.5			0
-494.5			0
-489.5			0
-484.5			0
-479.5			0
-474.5			0
-469.5			0
-464.5			0
-459.5			0
-454.5			0
-449.5			0
-444.5			0
-439.5			0
-434.5			0
-429.5			0
-424.5			0
-419.5			0
-414.5			0
-409.5			0
-404.5			0
-399.5			
-394.5			
-389.5			
-384.5			
-379.5			
-374.5			
-369.5			
-364.5			
-359.5			
-354.5			
-349.5			
-344.5			
-339.5			
-334.5			
-329.5			
-324.5			
-319.5			
-314.5			
-309.5			
-304.5			
-299.5			
-294.5			
-289.5			
-284.5			
-279.5			
-274.5			
-269.5			
-264.5			
-259.5			
-254.5			
-249.5			
-244.5			
-239.5			
-234.5			
-229.5			
-224.5			
-219.5			
-214.5			
-209.5			
-204.5			
-199.5			
-194.5			
-189.5			
-184.5			
-179.5			
-174.5			
-169.5			
-164.5			
-159.5			
-154.5			
-149.5			
-144.5			
-139.5			
-134.5			
-129.5			
-124.5			
-119.5			
-114.5			
-109.5			
-104.5			
-99.5			
-94.5			
-89.5			
-84.5			
-79.5			
-74.5			
-69.5			
-64.5			
-59.5			
-54.5			
-49.5			
-44.5			
-39.5			
-34.5			
-29.5			
-24.5			
-19.5			
-14.5			
-9.5			
-4.5			
0.5			
5.5			
10.5			
15.5			
20.5			
25.5			
30.5			
35.5			
40.5			
45.5			
50.5			
55.5			
60.5			
65.5			
70.5			
75.5			
80.5			
85.5			
90.5			
95.5			
100.5			
105.5			
110.5			
115.5			
120.5			
125.5			
130.5			
135.5			
140.5			
145.5			
150.5			
155.5			
160.5			
165.5			
170.5			
175.5			
180.5			
185.5			
190.5			
195.5			
200.5			
205.5			
210.5			
215.5			
220.5			
225.5			
230.5			
235.5			
240.5			
245.5			
250.5			
255.5			
260.5			
265.5			
270.5			
275.5			
280.5			
285.5			
290.5			
295.5			
300.5			
305.5			
310.5			
315.5			
320.5			
325.5			
330.5			
335.5			
340.5			
345.5			
350.5			
355.5			
360.5			
365.5			
370.5			
375.5			
380.5			
385.5			
390.5			
395.5			
400.5			
405.5			
410.5			
415.5			
420.5			
425.5			
430.5			
435.5			
440.5			
445.5			
450.5			
455.5			
460.5			
465.5			
470.5			
475.5			
480.5			
485.5			
490.5			
495.5			
500.5			
505.5			
510.5			
515.5			
520.5			
525.5			
530.5			
535.5			
540.5			
545.5			
550.5			
555.5			
560.5			
565.5			
570.5			
575.5			
580.5			
585.5			
590.5			
595.5			
600.5			
605.5			
610.5			
615.5			
620.5			
625.5			
630.5			
635.5			
640.5			
645.5			
650.5			
655.5			
660.5			
665.5			
670.5			
675.5			
680.5			
685.5			
690.5			
695.5			
700.5			
705.5			
710.5			
715.5			
720.5			
725.5			
730.5			
735.5			
740.5			
745.5			
750.5			
755.5			
760.5			
765.5			
770.5			
775.5			
780.5			
785.5			
790.5			
795.5			
800.5			
805.5			
810.5			
815.5			
820.5			
825.5			
830.5			
835.5			
840.5			
845.5			
850.5			
855.5			
860.5			
865.5			
870.5			
875.5			
880.5			
885.5			
890.5			
895.5			
900.5			
905.5			
910.5			
915.5			
920.5			
925.5			
930.5			
935.5			
940.5			
945.5			
950.5			
955.5			
960.5			
965.5			
970.5			
975.5			
980.5			
985.5			
990.5			
995.5			
1000.5			
1005.5			
1010.5			
1015.5			
1020.5			
1025.5			
1030.5			
1035.5			
1040.5			
1045.5			
1050.5			
1055.5			
1060.5			
1065.5			
1070.5			
1075.5			
1080.5			
1085.5			
1090.5			
1095.5			
1100.5			
1105.5			
1110.5			
1115.5			
1120.5			
1125.5			
1130.5			
1135.5			
1140.5			
1145.5			
1150.5			
1155.5			
1160.5			
1165.5			
1170.5			
1175.5			
1180.5			
1185.5			
1190.5			
1195.5			
1200.5			
1205.5			
1210.5			
1215.5			
1220.5			
1225.5			
1230.5			
1235.5			
1240.5			
1245.5			
1250.5			
1255.5			
1260.5			
1265.5			
1270.5			
1275.5			
1280.5			
1285.5			
1290.5			
1295.5			
1300.5			
1305.5			
1310.5			
1315.5			
1320.5			
1325.5			
1330.5			
1335.5			
1340.5			
1345.5			
1350.5			
1355.5			
1360.5			
1365.5			
1370.5			
1375.5			
1380.5			
1385.5			
1390.5			
1395.5			
1400.5			
1405.5			
1410.5			
1415.5			
1420.5			
1425.5			
1430.5			
1435.5			
1440.5			
1445.5			
1450.5			
1455.5			
1460.5			
1465.5			
1470.5			
1475.5			
1480.5			
1485.5			
1490.5			
1495.5			
1500.5			
1505.5			
1510.5			
1515.5			
1520.5			
1525.5			
1530.5			
1535.5			
1540.5			
1545.5			
1550.5			
1555.5			
1560.5			
1565.5			
1570.5			
1575.5			
1580.5			
1585.5			
1590.5			
1595.5			
1600.5			
1605.5			
1610.5			
1615.5			
1620.5			
1625.5			
1630.5			
1635.5			
1640.5			
1645.5			
1650.5			
1655.5			
1660.5			
1665.5			
1670.5			
1675.5			
1680.5			
1685.5			
1690.5			
1695.5			
1700.5			
1705.5			
1710.5			
1715.5			
1720.5			
1725.5			
1730.5			
1735.5			
1740.5			
1745.5			
1750.5			
1755.5			
1760.5			
1765.5			
1770.5			
1775.5			
1780.5			
1785.5			
1790.5			
1795.5			
1800.5			
1805.5			
1810.5			
1815.5			
1820.5			
1825.5			
1830.5			
1835.5			
1840.5			
1845.5			
1850.5			
1855.5			
1860.5			
1865.5			
1870.5			
1875.5			
1880.5			
1885.5			
1890.5			
1895.5			
1900.5			
1905.5			
1910.5			
1915.5			
1920.5			
1925.5			
1930.5			
1935.5			
1940.5			
1945.5			
1950.5			