time	E8	E7	E6	E5	E3
-8554.5					
-8549.5					
-8544.5					
-8539.5					
-8534.5					
-8529.5					
-8524.5					
-8519.5					
-8514.5					
-8509.5					
-8504.5					
-8499.5					
-8494.5					
-8489.5					
-8484.5					
-8479.5					
-8474.5					
-8469.5					
-8464.5					
-8459.5					
-8454.5					
-8449.5					
-8444.5					
-8439.5					
-8434.5					
-8429.5					
-8424.5					
-8419.5					
-8414.5					
-8409.5					
-8404.5					
-8399.5					
-8394.5					
-8389.5					
-8384.5					
-8379.5					
-8374.5					
-8369.5					
-8364.5					
-8359.5					
-8354.5					
-8349.5					
-8344.5					
-8339.5					
-8334.5					
-8329.5					
-8324.5					
-8319.5					
-8314.5					
-8309.5					
-8304.5					
-8299.5					
-8294.5					
-8289.5					
-8284.5					
-8279.5					
-8274.5					
-8269.5					
-8264.5					
-8259.5					
-8254.5					
-8249.5					
-8244.5					
-8239.5					
-8234.5					
-8229.5					
-8224.5					
-8219.5					
-8214.5					
-8209.5					
-8204.5					
-8199.5					
-8194.5					
-8189.5					
-8184.5					
-8179.5					
-8174.5					
-8169.5					
-8164.5					
-8159.5					
-8154.5					
-8149.5					
-8144.5					
-8139.5					
-8134.5					
-8129.5					
-8124.5					
-8119.5					
-8114.5					
-8109.5					
-8104.5					
-8099.5					
-8094.5					
-8089.5					
-8084.5					
-8079.5					
-8074.5					
-8069.5					
-8064.5					
-8059.5					
-8054.5					
-8049.5					
-8044.5					
-8039.5					
-8034.5					
-8029.5					
-8024.5					
-8019.5					
-8014.5					
-8009.5					
-8004.5					
-7999.5					
-7994.5					
-7989.5					
-7984.5					
-7979.5					
-7974.5					
-7969.5					
-7964.5					
-7959.5					
-7954.5					
-7949.5					
-7944.5					
-7939.5					
-7934.5					
-7929.5					
-7924.5					
-7919.5					
-7914.5					
-7909.5					
-7904.5					
-7899.5					
-7894.5					
-7889.5					
-7884.5					
-7879.5					
-7874.5					
-7869.5					
-7864.5					
-7859.5					
-7854.5					
-7849.5					
-7844.5					
-7839.5					
-7834.5					
-7829.5					
-7824.5					
-7819.5					
-7814.5					
-7809.5					
-7804.5					
-7799.5					
-7794.5					
-7789.5					
-7784.5					
-7779.5					
-7774.5					
-7769.5					
-7764.5					
-7759.5					
-7754.5					
-7749.5					
-7744.5					
-7739.5					
-7734.5					
-7729.5					
-7724.5					
-7719.5					
-7714.5					
-7709.5					
-7704.5					
-7699.5					
-7694.5					
-7689.5					
-7684.5					
-7679.5					
-7674.5					
-7669.5					
-7664.5					
-7659.5					
-7654.5					
-7649.5					
-7644.5					
-7639.5					
-7634.5					
-7629.5					
-7624.5					
-7619.5					
-7614.5					
-7609.5					
-7604.5					
-7599.5					
-7594.5					
-7589.5					
-7584.5					
-7579.5					
-7574.5					
-7569.5					
-7564.5					
-7559.5					
-7554.5					
-7549.5					
-7544.5					
-7539.5					
-7534.5					
-7529.5					
-7524.5					
-7519.5					
-7514.5					
-7509.5					
-7504.5					
-7499.5					
-7494.5					
-7489.5					
-7484.5					
-7479.5					
-7474.5					
-7469.5					
-7464.5					
-7459.5					
-7454.5					
-7449.5					
-7444.5					
-7439.5					
-7434.5					
-7429.5					
-7424.5					
-7419.5					
-7414.5					
-7409.5					
-7404.5					
-7399.5					
-7394.5					
-7389.5					
-7384.5					
-7379.5					
-7374.5					
-7369.5					
-7364.5					
-7359.5					
-7354.5					
-7349.5					
-7344.5					
-7339.5					
-7334.5					
-7329.5					
-7324.5					
-7319.5					
-7314.5					
-7309.5					
-7304.5					
-7299.5					
-7294.5					
-7289.5					
-7284.5					
-7279.5					
-7274.5					
-7269.5					
-7264.5					
-7259.5					
-7254.5					
-7249.5					
-7244.5					
-7239.5					
-7234.5					
-7229.5					
-7224.5					
-7219.5					
-7214.5					
-7209.5					
-7204.5					
-7199.5					
-7194.5					
-7189.5					
-7184.5					
-7179.5					
-7174.5					
-7169.5					
-7164.5					
-7159.5					
-7154.5					
-7149.5					
-7144.5					
-7139.5					
-7134.5					
-7129.5					
-7124.5					
-7119.5					
-7114.5					
-7109.5					
-7104.5					
-7099.5					
-7094.5					
-7089.5					
-7084.5					
-7079.5					
-7074.5					
-7069.5					
-7064.5					
-7059.5					
-7054.5					
-7049.5					
-7044.5					
-7039.5					
-7034.5					
-7029.5					
-7024.5					
-7019.5					
-7014.5					
-7009.5					
-7004.5					
-6999.5					
-6994.5					
-6989.5					
-6984.5					
-6979.5					
-6974.5					
-6969.5					
-6964.5					
-6959.5					
-6954.5					
-6949.5					
-6944.5					
-6939.5					
-6934.5					
-6929.5					
-6924.5					
-6919.5					
-6914.5					
-6909.5					
-6904.5					
-6899.5					
-6894.5					
-6889.5					
-6884.5					
-6879.5					
-6874.5					
-6869.5					
-6864.5					
-6859.5					
-6854.5					
-6849.5					
-6844.5					
-6839.5					
-6834.5					
-6829.5					
-6824.5					
-6819.5					
-6814.5					
-6809.5					
-6804.5					
-6799.5					
-6794.5					
-6789.5					
-6784.5					
-6779.5					
-6774.5					
-6769.5					
-6764.5					
-6759.5					
-6754.5					
-6749.5					
-6744.5					
-6739.5					
-6734.5					
-6729.5					
-6724.5					
-6719.5					
-6714.5					
-6709.5					
-6704.5					
-6699.5					
-6694.5					
-6689.5					
-6684.5					
-6679.5					
-6674.5					
-6669.5					
-6664.5					
-6659.5					
-6654.5					
-6649.5					
-6644.5					
-6639.5					
-6634.5					
-6629.5					
-6624.5					
-6619.5					
-6614.5					
-6609.5					
-6604.5					
-6599.5					
-6594.5					
-6589.5					
-6584.5					
-6579.5					
-6574.5					
-6569.5					
-6564.5					
-6559.5					
-6554.5					
-6549.5					
-6544.5					
-6539.5					
-6534.5					
-6529.5					
-6524.5					
-6519.5					
-6514.5					
-6509.5					
-6504.5					
-6499.5					
-6494.5					
-6489.5					
-6484.5					
-6479.5					
-6474.5					
-6469.5					
-6464.5					
-6459.5					
-6454.5					
-6449.5					
-6444.5					
-6439.5					
-6434.5					
-6429.5					
-6424.5					
-6419.5					
-6414.5					
-6409.5					
-6404.5					
-6399.5					
-6394.5					
-6389.5					
-6384.5					
-6379.5					
-6374.5					
-6369.5					
-6364.5					
-6359.5					
-6354.5					
-6349.5					
-6344.5					
-6339.5					
-6334.5					
-6329.5					
-6324.5					
-6319.5					
-6314.5					
-6309.5					
-6304.5					
-6299.5					
-6294.5					
-6289.5					
-6284.5					
-6279.5					
-6274.5					
-6269.5					
-6264.5					
-6259.5					
-6254.5					
-6249.5					
-6244.5					
-6239.5					
-6234.5					
-6229.5					
-6224.5					
-6219.5					
-6214.5					
-6209.5					
-6204.5					
-6199.5					
-6194.5					
-6189.5					
-6184.5					
-6179.5					
-6174.5					
-6169.5					
-6164.5					
-6159.5					
-6154.5					
-6149.5					
-6144.5					
-6139.5					
-6134.5					
-6129.5					
-6124.5					
-6119.5					
-6114.5					
-6109.5					
-6104.5					
-6099.5					
-6094.5					
-6089.5					
-6084.5					
-6079.5					
-6074.5					
-6069.5					
-6064.5					
-6059.5					
-6054.5					
-6049.5					
-6044.5					
-6039.5					
-6034.5					
-6029.5					
-6024.5					
-6019.5					
-6014.5					
-6009.5					
-6004.5					
-5999.5					
-5994.5					
-5989.5					
-5984.5					
-5979.5					
-5974.5					
-5969.5					
-5964.5					
-5959.5					
-5954.5					
-5949.5					
-5944.5					
-5939.5	0				
-5934.5	0				
-5929.5	0				
-5924.5	0				
-5919.5	0				
-5914.5	0				
-5909.5	0				
-5904.5	0				
-5899.5	0				
-5894.5	0				
-5889.5	0				
-5884.5	0				
-5879.5	0				
-5874.5	0				
-5869.5	0				
-5864.5	0				
-5859.5	0				
-5854.5	0				
-5849.5	0				
-5844.5	0				
-5839.5	0				
-5834.5	0				
-5829.5	0				
-5824.5	0				
-5819.5	0				
-5814.5	0				
-5809.5	0				
-5804.5	0				
-5799.5	0				
-5794.5	0				
-5789.5	0				
-5784.5	0				
-5779.5	0				
-5774.5	0				
-5769.5	0				
-5764.5	0				
-5759.5	0				
-5754.5	0				
-5749.5	0				
-5744.5	0				
-5739.5	0				
-5734.5	0				
-5729.5	0				
-5724.5	0				
-5719.5	0				
-5714.5	0				
-5709.5	0				
-5704.5	0				
-5699.5	0				
-5694.5	0				
-5689.5	0				
-5684.5	0				
-5679.5	0				
-5674.5	0				
-5669.5	0				
-5664.5	0				
-5659.5	0				
-5654.5	0				
-5649.5	0				
-5644.5	0				
-5639.5	0				
-5634.5	0				
-5629.5	0				
-5624.5	0				
-5619.5	0				
-5614.5	0				
-5609.5	0				
-5604.5	0				
-5599.5	0				
-5594.5	0				
-5589.5	0				
-5584.5	0				
-5579.5	0				
-5574.5	0				
-5569.5	0				
-5564.5	0				
-5559.5	0				
-5554.5	0				
-5549.5	0				
-5544.5	0				
-5539.5	0				
-5534.5	0				
-5529.5	1.59E-06				
-5524.5	0.000005555				
-5519.5	0.000007937				
-5514.5	0.00001131				
-5509.5	0.000024206				
-5504.5	0.00003591				
-5499.5	0.00004921				
-5494.5	0.00005298				
-5489.5	0.00006766				
-5484.5	0.00009702				
-5479.5	0.00014524				
-5474.5	0.00025238				
-5469.5	0.0003649				
-5464.5	0.0004208				
-5459.5	0.0004536				
-5454.5	0.0004496				
-5449.5	0.000451				
-5444.5	0.0004929				
-5439.5	0.0005113				
-5434.5	0.0005446				
-5429.5	0.0005671				
-5424.5	0.0006054				
-5419.5	0.0006171				
-5414.5	0.0006655				
-5409.5	0.0006633				
-5404.5	0.0006907				
-5399.5	0.0007228				
-5394.5	0.0007752				
-5389.5	0.0008315				
-5384.5	0.0008492				
-5379.5	0.0008714				
-5374.5	0.0008821				
-5369.5	0.0008907				
-5364.5	0.0009325				
-5359.5	0.000895				
-5354.5	0.0009018				
-5349.5	0.0009063				
-5344.5	0.0008954				
-5339.5	0.0009032				
-5334.5	0.0009256				
-5329.5	0.0008823				
-5324.5	0.0008992				
-5319.5	0.0009073				
-5314.5	0.0009111				
-5309.5	0.0008829				
-5304.5	0.0009022				
-5299.5	0.0008708				
-5294.5	0.0008796				
-5289.5	0.0008782				
-5284.5	0.0008752				
-5279.5	0.0008673				
-5274.5	0.0008611				
-5269.5	0.0008923				
-5264.5	0.0008639				
-5259.5	0.0008565				
-5254.5	0.0008835				
-5249.5	0.0008585				
-5244.5	0.0008492				
-5239.5	0.0008579				
-5234.5	0.0008597				
-5229.5	0.0008591				
-5224.5	0.0008474				
-5219.5	0.0008391				
-5214.5	0.0008526				
-5209.5	0.0008431				
-5204.5	0.0008446				
-5199.5	0.0008496				
-5194.5	0.0008335				
-5189.5	0.0008548				
-5184.5	0.0008571				
-5179.5	0.0008438				
-5174.5	0.0008577				
-5169.5	0.000844				
-5164.5	0.0008351				
-5159.5	0.0008264				
-5154.5	0.0008296				
-5149.5	0.0008256				
-5144.5	0.0008226				
-5139.5	0.0008421				
-5134.5	0.0008183				
-5129.5	0.0008101				
-5124.5	0.0008149				
-5119.5	0.0008286				
-5114.5	0.0008196				
-5109.5	0.0008282				
-5104.5	0.0007877				
-5099.5	0.000805				
-5094.5	0.0008169				
-5089.5	0.0007986				
-5084.5	0.0008036				
-5079.5	0.0008002				
-5074.5	0.0008089				
-5069.5	0.0008091				
-5064.5	0.0007893				
-5059.5	0.0008099				
-5054.5	0.0007909				
-5049.5	0.0008135				
-5044.5	0.0007913				
-5039.5	0.0008036				
-5034.5	0.0007976				
-5029.5	0.0007897				
-5024.5	0.0007837				
-5019.5	0.000799				
-5014.5	0.0007756				
-5009.5	0.0007825				
-5004.5	0.0007798				
-4999.5	0.000773				
-4994.5	0.0007857				
-4989.5	0.0007925				
-4984.5	0.0007694				
-4979.5	0.0007794				
-4974.5	0.0007677				
-4969.5	0.000775				
-4964.5	0.0007613				
-4959.5	0.0007702				
-4954.5	0.0007546				
-4949.5	0.0007599				
-4944.5	0.0007758				
-4939.5	0.0007649				
-4934.5	0.0007363				
-4929.5	0.0007474				
-4924.5	0.0007395				
-4919.5	0.0007718				
-4914.5	0.0007698				
-4909.5	0.0007415				
-4904.5	0.0007427				
-4899.5	0.0007409				
-4894.5	0.0007371				
-4889.5	0.0007673				
-4884.5	0.0007698				
-4879.5	0.0007423				
-4874.5	0.0007306				
-4869.5	0.0007417				
-4864.5	0.0007222				
-4859.5	0.0007641				
-4854.5	0.0007373				
-4849.5	0.0007637				
-4844.5	0.0006956				
-4839.5	0.0007343				
-4834.5	0.0007141				
-4829.5	0.0007161				
-4824.5	0.0007522				
-4819.5	0.0007145				
-4814.5	0.0007264				
-4809.5	0.0007468				
-4804.5	0.0007131				
-4799.5	0.0007105				
-4794.5	0.0007147				
-4789.5	0.0007145				
-4784.5	0.0007159				
-4779.5	0.00068				
-4774.5	0.0007119				
-4769.5	0.0007048				
-4764.5	0.000706				
-4759.5	0.0006988				
-4754.5	0.0007125				
-4749.5	0.0007339				
-4744.5	0.0006917				
-4739.5	0.0007091				
-4734.5	0.0007034				
-4729.5	0.0006651				
-4724.5	0.0006857				
-4719.5	0.0006935				
-4714.5	0.0006982				
-4709.5	0.0006724				
-4704.5	0.0006883				
-4699.5	0.0006714				
-4694.5	0.0006788				
-4689.5	0.0006605				
-4684.5	0.000677				
-4679.5	0.0006823				
-4674.5	0.0006629				
-4669.5	0.000672				
-4664.5	0.0006415				
-4659.5	0.0006728				
-4654.5	0.000673				
-4649.5	0.0006685				
-4644.5	0.0006647				
-4639.5	0.0006722				
-4634.5	0.0006438				
-4629.5	0.0006544				
-4624.5	0.0006476				
-4619.5	0.0006415				
-4614.5	0.0006399				
-4609.5	0.0006456				
-4604.5	0.0006562				
-4599.5	0.000622				
-4594.5	0.00065				
-4589.5	0.0006359				
-4584.5	0.0006474				
-4579.5	0.0006306				
-4574.5	0.0006486				
-4569.5	0.0006119				
-4564.5	0.0006198				
-4559.5	0.0006567				
-4554.5	0.0006173				
-4549.5	0.0006317				
-4544.5	0.0006266				
-4539.5	0.0006101				
-4534.5	0.0006175				
-4529.5	0.0006056				
-4524.5	0.0006232				
-4519.5	0.0006214				
-4514.5	0.0006012				
-4509.5	0.0006024				
-4504.5	0.0005962				
-4499.5	0.0006139				
-4494.5	0.0005905				
-4489.5	0.000596				
-4484.5	0.0006036				
-4479.5	0.0006014				
-4474.5	0.0005849				
-4469.5	0.000596				
-4464.5	0.0005964				
-4459.5	0.0005847				
-4454.5	0.0005863				
-4449.5	0.0005704				
-4444.5	0.000572				
-4439.5	0.0005655				
-4434.5	0.0005758				
-4429.5	0.0005625				
-4424.5	0.0005861				
-4419.5	0.0005554				
-4414.5	0.0005726				
-4409.5	0.0005671				
-4404.5	0.0005619				
-4399.5	0.0005615				
-4394.5	0.0005702				
-4389.5	0.000555				
-4384.5	0.0005544				
-4379.5	0.0005419				
-4374.5	0.0005337				
-4369.5	0.0005536				
-4364.5	0.0005556				
-4359.5	0.0005331				
-4354.5	0.0005373				
-4349.5	0.0005274				
-4344.5	0.0005179				
-4339.5	0.0005325				
-4334.5	0.0005389				
-4329.5	0.0005313				
-4324.5	0.0005254				
-4319.5	0.0005188				
-4314.5	0.0005115				
-4309.5	0.0005131				
-4304.5	0.0005256				
-4299.5	0.0005062				
-4294.5	0.0004986				
-4289.5	0.0005103				
-4284.5	0.0005095				
-4279.5	0.0004917				
-4274.5	0.0004917				
-4269.5	0.0004976				
-4264.5	0.0004798				
-4259.5	0.0004859				
-4254.5	0.0004938				
-4249.5	0.0004784				
-4244.5	0.0004869				
-4239.5	0.000481				
-4234.5	0.000471				
-4229.5	0.0004645				
-4224.5	0.0004563				
-4219.5	0.0004718				
-4214.5	0.0004569				
-4209.5	0.0004728				
-4204.5	0.0004601				
-4199.5	0.0004468				
-4194.5	0.0004375				
-4189.5	0.0004423				
-4184.5	0.0004248				
-4179.5	0.0004171				
-4174.5	0.000446				
-4169.5	0.000421				
-4164.5	0.0004242				
-4159.5	0.0004208				
-4154.5	0.0004198				
-4149.5	0.0004065				
-4144.5	0.0004034				
-4139.5	0.0003937				
-4134.5	0.0003923				
-4129.5	0.0003823				
-4124.5	0.0003938				
-4119.5	0.0003746				
-4114.5	0.0003875				
-4109.5	0.0003645				
-4104.5	0.0003738				
-4099.5	0.00038				
-4094.5	0.0003565				
-4089.5	0.0003573				
-4084.5	0.0003528				
-4079.5	0.0003456				
-4074.5	0.0003562				
-4069.5	0.0003516				
-4064.5	0.0003567				
-4059.5	0.0003361				
-4054.5	0.0003365				
-4049.5	0.0003304				
-4044.5	0.0003313				
-4039.5	0.0003188				
-4034.5	0.00030734				
-4029.5	0.00030754				
-4024.5	0.00030933				
-4019.5	0.000322				
-4014.5	0.00030218				
-4009.5	0.00028472				
-4004.5	0.00029246				
-3999.5	0.00029028				
-3994.5	0.00028234				
-3989.5	0.00026964				
-3984.5	0.00025595				
-3979.5	0.00026627				
-3974.5	0.00025833				
-3969.5	0.00024921				
-3964.5	0.00024246				
-3959.5	0.00023909				
-3954.5	0.0002502				
-3949.5	0.0002377				
-3944.5	0.00022798				
-3939.5	0.00022242				
-3934.5	0.00022103				
-3929.5	0.00020377				
-3924.5	0.00020714				
-3919.5	0.00020159				
-3914.5	0.00020179				
-3909.5	0.0001998				
-3904.5	0.00018393				
-3899.5	0.00017956				
-3894.5	0.00016567				
-3889.5	0.00016528				
-3884.5	0.00016746				
-3879.5	0.00015159				
-3874.5	0.00015655				
-3869.5	0.00015397				
-3864.5	0.00013909				
-3859.5	0.00012679				
-3854.5	0.00012302				
-3849.5	0.00013135				
-3844.5	0.00011627				
-3839.5	0.00011369				
-3834.5	0.00010397				
-3829.5	0.00009702				
-3824.5	0.00009286				
-3819.5	0.00008611				
-3814.5	0.0000873				
-3809.5	0.00007956				
-3804.5	0.00007302				
-3799.5	0.00006964				
-3794.5	0.0000629				
-3789.5	0.00005218				
-3784.5	0.00005278				
-3779.5	0.00004623				
-3774.5	0.00004484				
-3769.5	0.00003651				
-3764.5	0.00003313				
-3759.5	0.000031151				
-3754.5	0.00002123				
-3749.5	0.000022222				
-3744.5	0.000020833				
-3739.5	0.000014484				
-3734.5	0.000013293				
-3729.5	0.000012698				
-3724.5	0.000011111				
-3719.5	0.000007143				
-3714.5	0.000004365				
-3709.5	0.000005159				
-3704.5	2.38E-06				
-3699.5	2.18E-06				
-3694.5	1.59E-06				
-3689.5					
-3684.5					
-3679.5					
-3674.5					
-3669.5					
-3664.5					
-3659.5					
-3654.5					
-3649.5					
-3644.5					
-3639.5					
-3634.5					
-3629.5					
-3624.5					
-3619.5					
-3614.5					
-3609.5					
-3604.5					
-3599.5					
-3594.5					
-3589.5					
-3584.5					
-3579.5					
-3574.5					
-3569.5					
-3564.5					
-3559.5					
-3554.5					
-3549.5					
-3544.5					
-3539.5					
-3534.5					
-3529.5					
-3524.5					
-3519.5					
-3514.5					
-3509.5					
-3504.5					
-3499.5					
-3494.5					
-3489.5					
-3484.5					
-3479.5					
-3474.5					
-3469.5					
-3464.5					
-3459.5					
-3454.5					
-3449.5					
-3444.5					
-3439.5					
-3434.5					
-3429.5					
-3424.5					
-3419.5					
-3414.5					
-3409.5					
-3404.5					
-3399.5					
-3394.5					
-3389.5					
-3384.5					
-3379.5					
-3374.5					
-3369.5					
-3364.5					
-3359.5					
-3354.5					
-3349.5					
-3344.5					
-3339.5					
-3334.5					
-3329.5					
-3324.5					
-3319.5					
-3314.5					
-3309.5					
-3304.5					
-3299.5					
-3294.5					
-3289.5					
-3284.5					
-3279.5					
-3274.5					
-3269.5					
-3264.5					
-3259.5					
-3254.5					
-3249.5					
-3244.5					
-3239.5					
-3234.5					
-3229.5					
-3224.5					
-3219.5					
-3214.5					
-3209.5					
-3204.5					
-3199.5					
-3194.5					
-3189.5					
-3184.5					
-3179.5					
-3174.5					
-3169.5					
-3164.5					
-3159.5					
-3154.5					
-3149.5					
-3144.5					
-3139.5					
-3134.5					
-3129.5					
-3124.5					
-3119.5					
-3114.5					
-3109.5					
-3104.5		0			
-3099.5		0			
-3094.5		3.32E-07			
-3089.5		2.33E-06			
-3084.5		0.000009499			
-3079.5		0.00004033			
-3074.5		0.00010316			
-3069.5		0.0002			
-3064.5		0.000272			
-3059.5		0.00030284			
-3054.5		0.00029767			
-3049.5		0.00031583			
-3044.5		0.00031217			
-3039.5		0.00030583			
-3034.5		0.00030734			
-3029.5		0.0002855			
-3024.5		0.0003335			
-3019.5		0.0004342			
-3014.5		0.0006508			
-3009.5		0.0009893			
-3004.5		0.0014267			
-2999.5		0.0019418			
-2994.5		0.0025118			
-2989.5		0.002975			
-2984.5		0.003451			
-2979.5		0.003862			
-2974.5		0.004144			
-2969.5		0.00429			
-2964.5		0.00455			
-2959.5		0.004883			
-2954.5		0.005035			
-2949.5		0.005183			
-2944.5		0.005343			
-2939.5		0.005364			
-2934.5		0.005614			
-2929.5		0.005685			
-2924.5		0.005935			
-2919.5		0.006216			
-2914.5		0.006405			
-2909.5		0.006502			
-2904.5		0.006372			
-2899.5		0.006059			
-2894.5		0.005686			
-2889.5		0.0054			
-2884.5		0.004939			
-2879.5		0.004634			
-2874.5		0.004349			
-2869.5		0.004062			
-2864.5		0.003789			
-2859.5		0.003512			
-2854.5		0.003253			
-2849.5		0.0031185			
-2844.5		0.0029015			
-2839.5		0.0027178			
-2834.5		0.002552			
-2829.5		0.002365			
-2824.5		0.002207			
-2819.5		0.0020603			
-2814.5		0.0019108			
-2809.5		0.0017955			
-2804.5		0.0016835			
-2799.5		0.0016095			
-2794.5		0.001491			
-2789.5		0.0014103			
-2784.5		0.0013432			
-2779.5		0.001274			
-2774.5		0.001164			
-2769.5		0.0011285			
-2764.5		0.0010255			
-2759.5		0.0010108			
-2754.5		0.000926			
-2749.5		0.0008778			
-2744.5		0.0008235			
-2739.5		0.000757			
-2734.5		0.0007482			
-2729.5		0.0006713			
-2724.5		0.0006607			
-2719.5		0.0006048			
-2714.5		0.0005643			
-2709.5		0.000542			
-2704.5		0.0005075			
-2699.5		0.0004765			
-2694.5		4.49E-04			
-2689.5		0.0004337			
-2684.5		0.000405			
-2679.5		0.0003932			
-2674.5		0.0003552			
-2669.5		0.0003288			
-2664.5		0.0003287			
-2659.5		0.000319			
-2654.5		0.00028667			
-2649.5		0.00028267			
-2644.5		0.000265			
-2639.5		0.000231			
-2634.5		0.00023717			
-2629.5		0.00021233			
-2624.5		0.00021684			
-2619.5		0.00019883			
-2614.5		0.0001835			
-2609.5		0.00017567			
-2604.5		0.00016916			
-2599.5		0.00015267			
-2594.5		0.00014783			
-2589.5		0.00013667			
-2584.5		0.00013433			
-2579.5		0.00012883			
-2574.5		0.00012433			
-2569.5		0.00011417			
-2564.5		0.00010417			
-2559.5		0.00009933			
-2554.5		0.0000995			
-2549.5		0.00009			
-2544.5		0.00009167			
-2539.5		0.00008117			
-2534.5		0.0000765			
-2529.5		0.00007117			
-2524.5		0.00006583			
-2519.5		0.00006967			
-2514.5		0.00006417			
-2509.5		0.00005934			
-2504.5		0.00005884			
-2499.5		0.00005934			
-2494.5		0.000053			
-2489.5		0.00004533			
-2484.5		0.000047			
-2479.5		0.0000475			
-2474.5		0.00004683			
-2469.5		0.00003783			
-2464.5		0.0000395			
-2459.5		0.00003417			
-2454.5		0.0000395			
-2449.5		0.0000305			
-2444.5		0.0000305			
-2439.5		0.00003216			
-2434.5		0.000030168			
-2429.5		0.000027665			
-2424.5		0.000024336			
-2419.5		0.000025169			
-2414.5		0.000022665			
-2409.5		0.000023166			
-2404.5		0.000016833			
-2399.5		0.000019831			
-2394.5		0.000017997			
-2389.5		0.000018667			
-2384.5		0.000017835			
-2379.5		0.000016502			
-2374.5		0.000013498			
-2369.5		0.000013667			
-2364.5		0.000011502			
-2359.5		0.000012165			
-2354.5		0.000012503			
-2349.5		0.000013836			
-2344.5		0.000011664			
-2339.5		0.000012002			
-2334.5		0.000008335			
-2329.5		0.000008836			
-2324.5		0.00000933			
-2319.5		0.000007835			
-2314.5		0.000006833			
-2309.5		0.000006664			
-2304.5		0.000008999			
-2299.5		0.000008335			
-2294.5		0.000007997			
-2289.5		0.000006333			
-2284.5		0.000004499			
-2279.5		0.000005169			
-2274.5		0.000004831			
-2269.5		0.000005			
-2264.5		0.000005332			
-2259.5		0.000005501			
-2254.5		0.000004831			
-2249.5		0.000004168			
-2244.5		0.000005169			
-2239.5		0.000004168			
-2234.5		0.000003999			
-2229.5		0.000004499			
-2224.5		0.000003166			
-2219.5		2.83E-06			
-2214.5		3.00E-06			
-2209.5		2.17E-06			
-2204.5		0.000003166			
-2199.5		2.33E-06			
-2194.5		3.00E-06			
-2189.5		2.83E-06			
-2184.5		0.000003166			
-2179.5		2.17E-06			
-2174.5		1.50E-06			
-2169.5		1.00E-06			
-2164.5		8.32E-07			
-2159.5		2.33E-06			
-2154.5		2.33E-06			
-2149.5		2.00E-06			
-2144.5		1.00E-06			
-2139.5		1.83E-06			
-2134.5		1.50E-06			
-2129.5		1.16E-06			
-2124.5		1.33E-06			
-2119.5		8.32E-07			
-2114.5		1.50E-06			
-2109.5		1.50E-06			
-2104.5		8.32E-07			
-2099.5		3.32E-07			
-2094.5		5.01E-07			
-2089.5		1.33E-06			
-2084.5		5.01E-07			
-2079.5		1.16E-06			
-2074.5		1.69E-07			
-2069.5					
-2064.5					
-2059.5					
-2054.5					
-2049.5					
-2044.5					
-2039.5					
-2034.5					
-2029.5					
-2024.5					
-2019.5					
-2014.5					
-2009.5					
-2004.5					
-1999.5					
-1994.5					
-1989.5					
-1984.5					
-1979.5					
-1974.5					
-1969.5					
-1964.5					
-1959.5					
-1954.5					
-1949.5					
-1944.5					
-1939.5					
-1934.5					
-1929.5					
-1924.5					
-1919.5					
-1914.5					
-1909.5					
-1904.5					
-1899.5					
-1894.5					
-1889.5					
-1884.5					
-1879.5					
-1874.5					
-1869.5					
-1864.5					
-1859.5					
-1854.5					
-1849.5					
-1844.5					
-1839.5					
-1834.5					
-1829.5					
-1824.5					
-1819.5					
-1814.5					
-1809.5					
-1804.5					
-1799.5					
-1794.5					
-1789.5					
-1784.5					
-1779.5					
-1774.5					
-1769.5					
-1764.5					
-1759.5					
-1754.5					
-1749.5					
-1744.5					
-1739.5					
-1734.5					
-1729.5					
-1724.5					
-1719.5					
-1714.5					
-1709.5					
-1704.5					
-1699.5					
-1694.5					
-1689.5					
-1684.5					
-1679.5					
-1674.5					
-1669.5					
-1664.5					
-1659.5					
-1654.5					
-1649.5					
-1644.5					
-1639.5					
-1634.5					
-1629.5					
-1624.5					
-1619.5					
-1614.5					
-1609.5					
-1604.5					
-1599.5					
-1594.5					
-1589.5					
-1584.5					
-1579.5					
-1574.5					
-1569.5					
-1564.5					
-1559.5					
-1554.5					
-1549.5					
-1544.5					
-1539.5					
-1534.5					
-1529.5					
-1524.5					
-1519.5					
-1514.5					
-1509.5					
-1504.5					
-1499.5					
-1494.5					
-1489.5					
-1484.5					
-1479.5					
-1474.5					
-1469.5					
-1464.5					
-1459.5					
-1454.5					
-1449.5					
-1444.5					
-1439.5					
-1434.5					
-1429.5					
-1424.5			0		
-1419.5			8.33E-07		
-1414.5			2.50E-06		
-1409.5			6.00E-06		
-1404.5			0.000013833		
-1399.5			0.000022666		
-1394.5			0.00004217		
-1389.5			0.00006033		
-1384.5			0.00009767		
-1379.5			0.00013483		
-1374.5			0.00019333		
-1369.5			0.00025917		
-1364.5			0.0003358		
-1359.5			0.0004238		
-1354.5			0.000506		
-1349.5			0.0005587		
-1344.5			0.0006252		
-1339.5			0.0006717		
-1334.5			0.0007152		
-1329.5			0.000723		
-1324.5			0.0007455		
-1319.5			0.000778		
-1314.5			0.0008193		
-1309.5			0.0008618		
-1304.5			0.000901		
-1299.5			0.0009713		
-1294.5			0.0010405		
-1289.5			0.0011188		
-1284.5			0.0012085		
-1279.5			0.0012932		
-1274.5			0.001409		
-1269.5			0.0014493		
-1264.5			0.0015545		
-1259.5			0.0016268		
-1254.5			0.0016725		
-1249.5			0.0017238		
-1244.5			0.0017523		
-1239.5			0.0018132		
-1234.5			0.0018897		
-1229.5			0.0018878		
-1224.5			0.0019717		
-1219.5			0.0019993		
-1214.5			0.0020102		
-1209.5			0.0020323		
-1204.5			0.0020283		
-1199.5			0.0020518		
-1194.5			0.0020362		
-1189.5			0.0020343		
-1184.5			0.0020485		
-1179.5			0.002023		
-1174.5			0.0020412		
-1169.5			0.0020392		
-1164.5			0.0020787		
-1159.5			0.002045		
-1154.5			0.0020367		
-1149.5			0.0020792		
-1144.5			0.0020518		
-1139.5			0.0020557		
-1134.5			0.002072		
-1129.5			0.0020638		
-1124.5			0.002083		
-1119.5			0.0020705		
-1114.5			0.0020687		
-1109.5			0.0020783		
-1104.5			0.0020565		
-1099.5			0.0020782		
-1094.5			0.0020823		
-1089.5			0.002087		
-1084.5			0.00209		
-1079.5			0.0021132		
-1074.5			0.00206		
-1069.5			0.0020662		
-1064.5			0.002079		
-1059.5			0.0020645		
-1054.5			0.0020505		
-1049.5			0.002057		
-1044.5			0.0021038		
-1039.5			0.0020695		
-1034.5			0.0020963		
-1029.5			0.0020905		
-1024.5			0.002046		
-1019.5			0.0020953		
-1014.5			2.10E-03		
-1009.5			0.0020682		
-1004.5			0.0020797		
-999.5			0.0020802		
-994.5			0.0020965		
-989.5			0.002106		
-984.5			0.0020377		
-979.5			0.0020597		
-974.5			0.0020945		
-969.5			0.0020623		
-964.5			0.0020642		
-959.5			0.0020692		
-954.5			0.0020797		
-949.5			0.002063		
-944.5			0.0021037		
-939.5			0.002085		
-934.5			0.0020453		
-929.5			0.0020548		
-924.5			0.0020305		
-919.5			0.0020695		
-914.5			0.0020568		
-909.5			0.0020542		
-904.5			0.0020468		
-899.5			0.0020353		
-894.5			0.0019918		
-889.5			0.001962		
-884.5			0.0019045		
-879.5			0.0018748		
-874.5			0.0018058		
-869.5			0.001768		
-864.5			0.0017137		
-859.5			0.0017097		
-854.5			0.0016705		
-849.5			0.0016747		
-844.5			0.0015912		
-839.5			0.0015373		
-834.5			0.0014843		
-829.5			0.001386		
-824.5			0.0012762		
-819.5			0.001157		
-814.5			0.0010155		
-809.5			0.0008837		
-804.5			0.0006923		
-799.5			0.0005238		
-794.5			0.0003578		
-789.5			0.000285		
-784.5			0.0002035		
-779.5			0.00017717		
-774.5			0.0001395		
-769.5			0.0001015		
-764.5			0.00009017		
-759.5			0.0000725		
-754.5			0.00005933		
-749.5			0.00005967		
-744.5			0.0000545		
-739.5			0.00004983		
-734.5			0.00005		
-729.5			0.0000475	0	
-724.5			0.000044	0.00E+00	
-719.5			0.00004683	0.00E+00	
-714.5			0.00004583	0.00E+00	
-709.5			0.0000385	0	
-704.5			0.000045	0	
-699.5			0.00004017	0	
-694.5			0.0000345	0	
-689.5			0.00003217	0	
-684.5			0.000027167	0	
-679.5			0.0000325	0	
-674.5			0.0000245	0	
-669.5			0.0000235	0	
-664.5			0.000015166	0	
-659.5			0.000018832	0	
-654.5			0.000014999	0	
-649.5			0.000016666	0	
-644.5			0.000014667	0	
-639.5			0.000014	0	
-634.5			0.000010834	0	
-629.5			0.000010834	0	
-624.5			0.000007166	0	
-619.5			0.0000075	0	
-614.5			0.000005832	0	
-609.5			0.000005167	0	
-604.5			0.000006333	0	
-599.5			2.4999E-06	0	
-594.5			2.8337E-06	0	
-589.5			1.1665E-06	0	
-584.5			1.1665E-06	0	
-579.5			6.66E-07	0	
-574.5			0	0	
-569.5			0	0	
-564.5			0	0	
-559.5			0	0	
-554.5			0	0	
-549.5			0	0	
-544.5			0	0	
-539.5			0.00E+00	0	
-534.5			0.00E+00	0	
-529.5			0.00E+00	0	
-524.5			0	0	
-519.5			0.00E+00	0	
-514.5			0.00E+00	0	
-509.5			0.00E+00	0	
-504.5			0	0	
-499.5			0.00E+00	0	
-494.5			0.00E+00	0	
-489.5			0.00E+00	0	
-484.5			0.00E+00	0	
-479.5			0.00E+00	0	
-474.5			0.00E+00	0	
-469.5			0.00E+00	0	
-464.5			0.00E+00	0	
-459.5			0.00E+00	0	
-454.5			0.00E+00	0	
-449.5			0.00E+00	0	
-444.5			0.00E+00	0	
-439.5			0.00E+00	0	
-434.5			0.00E+00	0	
-429.5			0.00E+00	0	
-424.5			0.00E+00	0	
-419.5			0.00E+00	0	
-414.5			0.00E+00	0	
-409.5			0.00E+00	0	
-404.5			0.00E+00	0	
-399.5				0	
-394.5				0	
-389.5				0	
-384.5				0	
-379.5				0	
-374.5				0	
-369.5				0	
-364.5				0	
-359.5				0	
-354.5				0	
-349.5				0	
-344.5				0	
-339.5				0	
-334.5				0	
-329.5				0	
-324.5				0	
-319.5				0.00E+00	
-314.5				0	
-309.5				0	
-304.5				0	
-299.5				0	
-294.5				0	
-289.5				0	
-284.5				0	
-279.5				0	
-274.5				0	
-269.5				0	
-264.5				0	
-259.5				0	
-254.5				0	
-249.5				0	
-244.5				0	
-239.5				0	
-234.5				0	
-229.5				0	
-224.5				0	
-219.5				0	
-214.5				0	
-209.5				0	
-204.5				0	
-199.5				0	
-194.5				0	
-189.5				0	
-184.5				0	
-179.5				0	
-174.5				0	
-169.5				0	
-164.5				0	
-159.5				0	
-154.5				0	
-149.5				0	
-144.5				0	
-139.5				0	
-134.5				0	
-129.5				0	
-124.5				0	
-119.5				0	
-114.5				0	
-109.5				0	
-104.5				0	
-99.5				0	
-94.5				0	
-89.5				0	
-84.5				0	
-79.5				0	
-74.5				0	
-69.5				0	
-64.5				0	
-59.5				0	
-54.5				0	
-49.5				0	
-44.5				0	
-39.5				0	
-34.5				0	
-29.5				0	
-24.5				0	
-19.5				0	
-14.5				0	
-9.5				0	
-4.5				0	
0.5				0	
5.5				0	
10.5				0	
15.5				0	
20.5				0	
25.5				0	
30.5				0	
35.5				0	
40.5				0	
45.5				0	
50.5				0	
55.5				0	
60.5				0	
65.5				0	
70.5				0	
75.5				0	
80.5				0	
85.5				0	
90.5				0	
95.5				0	
100.5				0	
105.5				0	
110.5				0	
115.5				0.00E+00	
120.5				0	
125.5				0	
130.5				0	
135.5				0	
140.5				0	
145.5				0	
150.5				0	
155.5				0.00E+00	
160.5				0.00E+00	
165.5				0.00E+00	
170.5				0	
175.5				0.00E+00	
180.5				3.32E-07	
185.5				6.67E-07	0
190.5				6.67E-07	0.00E+00
195.5				1.33E-06	0.00E+00
200.5				8.33E-07	0.00E+00
205.5				1.17E-06	0
210.5				8.33E-07	0
215.5				1.83E-06	0
220.5				2.66E-06	0
225.5				1.67E-06	0
230.5				2.33E-06	0
235.5				3.17E-06	0
240.5				5.50E-06	0
245.5				1.50E-05	0
250.5				3.08E-05	0
255.5				6.15E-05	0
260.5				1.28E-04	0
265.5				2.42E-04	0
270.5				3.77E-04	0
275.5				5.14E-04	0
280.5				6.03E-04	0
285.5				6.87E-04	0
290.5				7.55E-04	0
295.5				8.11E-04	0
300.5				8.63E-04	0
305.5				0.0009012	0
310.5				0.0009347	0
315.5				0.0009622	0
320.5				0.0010007	0
325.5				0.0011183	0
330.5				0.0011742	0
335.5				0.0013523	0
340.5				0.001513	0
345.5				0.0017027	0
350.5				0.0018728	0
355.5				0.0020872	0
360.5				0.0022535	0
365.5				0.002405	0
370.5				0.0025953	0
375.5				0.0028312	0
380.5				0.0029792	0
385.5				0.003172	0
390.5				0.003308	0
395.5				0.003458	0
400.5				0.003485	0
405.5				0.003583	0
410.5				0.003594	0
415.5				0.003567	0
420.5				0.003686	0
425.5				0.003676	0
430.5				0.00361	0
435.5				0.003625	0
440.5				0.003604	0
445.5				0.003625	0
450.5				0.003643	0
455.5				0.003638	0
460.5				0.003584	0
465.5				0.003535	0
470.5				0.003649	0
475.5				0.003596	0
480.5				0.003586	0
485.5				0.003609	0
490.5				0.003627	0
495.5				0.003607	0
500.5				0.003643	0
505.5				0.003639	0
510.5				0.003568	0
515.5				0.003634	0
520.5				0.003629	0
525.5				0.00358	0
530.5				0.003623	0
535.5				0.0036	0
540.5				0.00357	0
545.5				0.003612	0
550.5				0.003649	0
555.5				0.003639	0
560.5				0.003535	0
565.5				0.003519	0
570.5				0.003502	0
575.5				0.00341	0
580.5				0.003303	0
585.5				0.003196	0
590.5				0.0030712	0
595.5				0.0029275	0.00E+00
600.5				0.0027283	0
605.5				0.0025397	0
610.5				0.0022043	0
615.5				0.0019547	0
620.5				0.001654	0
625.5				0.0013937	0
630.5				0.0011087	0
635.5				0.0007912	0
640.5				0.0004985	0
645.5				0.00026583	0
650.5				0.0001065	0
655.5				0.00003183	0
660.5				0.000008665	0
665.5				1.3343E-06	0
670.5				3.32E-07	0
675.5				1.66E-07	0
680.5				0	0
685.5				0	0
690.5				0	0
695.5				0	0
700.5				0	0
705.5				0	0
710.5				0	0
715.5				0	0
720.5				0	0
725.5				0	0
730.5				0	0
735.5				0	0
740.5				0	0
745.5				0	0
750.5				0	0
755.5				0	0
760.5				0	0
765.5				0	0
770.5				0	0
775.5				0	0
780.5				0	0
785.5				0	0
790.5				0	0
795.5				0	0
800.5				0	0
805.5				0	0
810.5				0	0
815.5				0	0
820.5				0	0
825.5				0	0
830.5				0	1.1888E-06
835.5				0	0.000004561
840.5				0	0.000005755
845.5				0	0.000005755
850.5				0	0.000008928
855.5				0	0.000015474
860.5				0	0.000016469
865.5				0	0.000018255
870.5				0	0.000029168
875.5				0	0.00004107
880.5				0	0.00005278
885.5				0	0.00008492
890.5				0	0.00014008
895.5				0	0.00025317
900.5				0	0.0003811
905.5				0	0.0005573
910.5				0	0.0007383
915.5				0	0.0009536
920.5				0	0.0011536
925.5				0	0.0013204
930.5				0	0.001494
935.5				0	0.001623
940.5				0	0.0017585
945.5				0	0.0019716
950.5				0	0.0021615
955.5				0	0.0024192
960.5				0	0.0026512
965.5				0	0.0029131
970.5				0	0.0031589
975.5				0	0.003452
980.5				0	0.00371
985.5				0	0.004016
990.5				0	0.004236
995.5				0	0.004357
1000.5				0	0.004489
1005.5				0	0.004607
1010.5				0	0.004663
1015.5				0	0.004779
1020.5				0	0.004852
1025.5				0	0.004808
1030.5				0	4.73E-03
1035.5				0	0.004653
1040.5				0	0.004591
1045.5				0	0.004445
1050.5				0	0.004391
1055.5				0	0.004294
1060.5				0	0.004223
1065.5				0	0.004077
1070.5				0	4.01E-03
1075.5				0	3.87E-03
1080.5				0	3.82E-03
1085.5				0	0.003726
1090.5				0	3.62E-03
1095.5				0	3.56E-03
1100.5				0	3.45E-03
1105.5				0	3.35E-03
1110.5				0	3.27E-03
1115.5				0	3.19E-03
1120.5				0	3.10E-03
1125.5				0	3.01E-03
1130.5				0	2.92E-03
1135.5				0	2.85E-03
1140.5				0	2.74E-03
1145.5				0	2.65E-03
1150.5				0	2.52E-03
1155.5				0	2.40E-03
1160.5				0	2.36E-03
1165.5				0	2.27E-03
1170.5				0	2.17E-03
1175.5				0	2.07E-03
1180.5				0	2.02E-03
1185.5				0	1.88E-03
1190.5				0	1.83E-03
1195.5				0	1.75E-03
1200.5				0	1.64E-03
1205.5				0	1.54E-03
1210.5				0	1.46E-03
1215.5				0	1.34E-03
1220.5				0	0.001253
1225.5				0	0.0011722
1230.5				0	0.0010762
1235.5				0	0.0010024
1240.5				0	0.000895
1245.5				0	0.0008079
1250.5				0	0.0007105
1255.5				0	0.0006484
1260.5				0	0.0005623
1265.5				0	0.0004714
1270.5				0	0.0003653
1275.5				0	0.0002881
1280.5				0	0.00022123
1285.5				0	0.00016488
1290.5				0	0.00012619
1295.5				0	0.00010754
1300.5				0	0.00008651
1305.5				0	0.00006825
1310.5				0	0.00006409
1315.5				0	0.00004921
1320.5				0	0.00004286
1325.5				0	0.0000371
1330.5				0	0.000023612
1335.5				0	0.000023811
1340.5				0	0.000019443
1345.5				0	0.000013494
1350.5				0	0.000009918
1355.5				0	0.000005556
1360.5				0	2.5815E-06
1365.5				0	5.97E-07
1370.5				0	1.99E-07
1375.5				0	0
1380.5				0	0
1385.5				0	0
1390.5				0	0
1395.5				0	0
1400.5				0	0
1405.5					
1410.5					
1415.5					
1420.5					
1425.5					
1430.5					
1435.5					
1440.5					
1445.5
1450.5
1455.5
1460.5
1465.5
1470.5
1475.5
1480.5
1485.5
1490.5
1495.5
1500.5
1505.5
1510.5
1515.5
1520.5
1525.5
1530.5
1535.5
1540.5
1545.5
1550.5
1555.5
1560.5
1565.5
1570.5
1575.5
1580.5
1585.5
1590.5
1595.5
1600.5
1605.5
1610.5
1615.5
1620.5
1625.5
1630.5
1635.5
1640.5
1645.5
1650.5
1655.5
1660.5
1665.5
1670.5
1675.5
1680.5
1685.5
1690.5
1695.5
1700.5
1705.5
1710.5
1715.5
1720.5
1725.5
1730.5
1735.5
1740.5
1745.5
1750.5
1755.5
1760.5
1765.5
1770.5
1775.5
1780.5
1785.5
1790.5
1795.5
1800.5
1805.5
1810.5
1815.5
1820.5
1825.5
1830.5
1835.5
1840.5
1845.5
1850.5
1855.5
1860.5
1865.5
1870.5
1875.5
1880.5
1885.5
1890.5
1895.5
1900.5
1905.5
1910.5
1915.5
1920.5
1925.5
1930.5
1935.5
1940.5
1945.5
1950.5					