time	E5_T3	E4_T3
-8554.5	0	
-8549.5	2.10E-07	
-8544.5	6.25E-07	
-8539.5	0.00E+00	
-8534.5	1.25E-06	
-8529.5	8.35E-07	
-8524.5	8.35E-07	
-8519.5	2.10E-07	
-8514.5	6.25E-07	
-8509.5	6.25E-07	
-8504.5	0	
-8499.5	6.25E-07	
-8494.5	4.16E-07	
-8489.5	6.25E-07	
-8484.5	8.35E-07	
-8479.5	6.25E-07	
-8474.5	8.35E-07	
-8469.5	6.25E-07	
-8464.5	0.000001041	
-8459.5	8.35E-07	
-8454.5	8.35E-07	
-8449.5	2.10E-07	
-8444.5	1.25E-06	
-8439.5	6.25E-07	
-8434.5	6.25E-07	
-8429.5	8.35E-07	
-8424.5	4.16E-07	
-8419.5	8.35E-07	
-8414.5	4.16E-07	
-8409.5	8.35E-07	
-8404.5	2.10E-07	
-8399.5	1.25E-06	
-8394.5	8.35E-07	
-8389.5	6.25E-07	
-8384.5	0.000001041	
-8379.5	0.000001041	
-8374.5	6.25E-07	
-8369.5	1.25E-06	
-8364.5	6.25E-07	
-8359.5	0.000001041	
-8354.5	0.000001041	
-8349.5	6.25E-07	
-8344.5	0.000001876	
-8339.5	0.000001876	
-8334.5	8.35E-07	
-8329.5	6.25E-07	
-8324.5	8.35E-07	
-8319.5	1.67E-06	
-8314.5	1.25E-06	
-8309.5	8.35E-07	
-8304.5	0.000001041	
-8299.5	6.25E-07	
-8294.5	8.35E-07	
-8289.5	6.25E-07	
-8284.5	1.25E-06	
-8279.5	8.35E-07	
-8274.5	1.25E-06	
-8269.5	0.000001041	
-8264.5	1.67E-06	
-8259.5	1.46E-06	
-8254.5	8.35E-07	
-8249.5	0.000001041	
-8244.5	8.35E-07	
-8239.5	1.25E-06	
-8234.5	1.67E-06	
-8229.5	0.000001876	
-8224.5	0.000002082	
-8219.5	0.000001876	
-8214.5	1.25E-06	
-8209.5	0.000001876	
-8204.5	1.25E-06	
-8199.5	0.000002082	
-8194.5	0.000002082	
-8189.5	8.35E-07	
-8184.5	2.29E-06	
-8179.5	6.25E-07	
-8174.5	2.92E-06	
-8169.5	6.25E-07	
-8164.5	0.000001041	
-8159.5	0.000001876	
-8154.5	1.46E-06	
-8149.5	1.67E-06	
-8144.5	2.08E-06	
-8139.5	1.46E-06	
-8134.5	2.29E-06	
-8129.5	0.000002082	
-8124.5	3.13E-06	
-8119.5	1.25E-06	
-8114.5	1.67E-06	
-8109.5	3.13E-06	
-8104.5	0.000001041	
-8099.5	0.000002082	
-8094.5	0.000003333	
-8089.5	0.000002082	
-8084.5	2.71E-06	
-8079.5	1.25E-06	
-8074.5	0.000003542	
-8069.5	2.50E-06	
-8064.5	1.46E-06	
-8059.5	0.000003958	
-8054.5	3.13E-06	
-8049.5	0.000001876	
-8044.5	0.000003748	
-8039.5	2.50E-06	
-8034.5	0.000001876	
-8029.5	0.000003333	
-8024.5	1.46E-06	
-8019.5	2.50E-06	
-8014.5	0.000003333	
-8009.5	2.71E-06	
-8004.5	0.000004168	
-7999.5	2.29E-06	
-7994.5	0.000004793	
-7989.5	2.71E-06	
-7984.5	3.13E-06	
-7979.5	0.000003333	
-7974.5	0.000003958	
-7969.5	0.000003958	
-7964.5	3.13E-06	
-7959.5	0.000005624	
-7954.5	3.13E-06	
-7949.5	0.000003748	
-7944.5	0.000004168	
-7939.5	0.000004374	
-7934.5	3.13E-06	
-7929.5	0.000003958	
-7924.5	2.50E-06	
-7919.5	0.000003748	
-7914.5	0.000004793	
-7909.5	0.000004583	
-7904.5	0.000003748	
-7899.5	0.000003748	
-7894.5	0.000003542	
-7889.5	0.000003542	
-7884.5	0.000005418	
-7879.5	0.000003333	
-7874.5	0.000003958	
-7869.5	0.000006665	
-7864.5	0.000003748	
-7859.5	0.000003542	
-7854.5	0.000004793	
-7849.5	0.000003958	
-7844.5	0.000005418	
-7839.5	0.000005418	
-7834.5	0.000004374	
-7829.5	0.000003542	
-7824.5	0.000004374	
-7819.5	0.000005834	
-7814.5	0.000004374	
-7809.5	0.000005418	
-7804.5	0.000004793	
-7799.5	0.000005209	
-7794.5	0.000004999	
-7789.5	0.000004374	
-7784.5	0.000005209	
-7779.5	0.000003748	
-7774.5	0.00000604	
-7769.5	0.000004793	
-7764.5	0.000007085	
-7759.5	0.000004999	
-7754.5	0.00000604	
-7749.5	0.000004793	
-7744.5	0.000008541	
-7739.5	0.000005418	
-7734.5	0.000004374	
-7729.5	0.000005418	
-7724.5	0.000005834	
-7719.5	0.00000604	
-7714.5	0.000004168	
-7709.5	5.21E-06	
-7704.5	0.000003958	
-7699.5	0.000006459	
-7694.5	0.000005834	
-7689.5	0.000008126	
-7684.5	0.000004999	
-7679.5	0.000005834	
-7674.5	0.000006875	
-7669.5	3.96E-06	
-7664.5	4.58E-06	
-7659.5	7.29E-06	
-7654.5	0.000006459	
-7649.5	7.50E-06	
-7644.5	1.00E-05	
-7639.5	7.29E-06	
-7634.5	5.83E-06	
-7629.5	7.71E-06	
-7624.5	6.46E-06	
-7619.5	5.21E-06	
-7614.5	7.92E-06	
-7609.5	7.09E-06	
-7604.5	8.54E-06	
-7599.5	9.17E-06	
-7594.5	7.09E-06	
-7589.5	6.67E-06	
-7584.5	9.79E-06	
-7579.5	7.29E-06	
-7574.5	8.75E-06	
-7569.5	7.71E-06	
-7564.5	6.67E-06	
-7559.5	7.92E-06	
-7554.5	7.09E-06	
-7549.5	8.33E-06	
-7544.5	9.38E-06	
-7539.5	8.96E-06	
-7534.5	9.17E-06	
-7529.5	9.79E-06	
-7524.5	6.88E-06	
-7519.5	0.000010833	
-7514.5	0.000008126	
-7509.5	0.000009167	
-7504.5	0.000009376	
-7499.5	0.000009792	
-7494.5	0.00000771	
-7489.5	0.000009167	
-7484.5	0.000008541	
-7479.5	0.000009167	
-7474.5	0.000010001	
-7469.5	0.000007085	
-7464.5	0.000010417	
-7459.5	0.000013334	
-7454.5	0.000008332	
-7449.5	0.000011042	
-7444.5	0.000009376	
-7439.5	0.000008751	
-7434.5	0.000010833	
-7429.5	0.000010833	
-7424.5	0.000010833	
-7419.5	0.000010001	
-7414.5	0.000010833	
-7409.5	0.000009792	
-7404.5	0.000011042	
-7399.5	0.000011249	
-7394.5	0.000010208	
-7389.5	0.000012915	
-7384.5	0.000009792	
-7379.5	0.000010623	
-7374.5	1.04E-05	
-7369.5	1.25E-05	
-7364.5	0.000012709	
-7359.5	0.00001375	
-7354.5	0.000013334	
-7349.5	0.000011874	
-7344.5	0.000010208	
-7339.5	0.000012083	
-7334.5	0.000011042	
-7329.5	0.000014375	
-7324.5	0.000012709	
-7319.5	0.000011874	
-7314.5	0.00001375	
-7309.5	0.000013124	
-7304.5	0.000010623	
-7299.5	0.00001375	
-7294.5	0.000012915	
-7289.5	0.00001375	
-7284.5	0.000011668	
-7279.5	0.000010417	
-7274.5	0.000012293	
-7269.5	0.000014791	
-7264.5	0.000014165	
-7259.5	0.000016041	
-7254.5	0.00001354	
-7249.5	0.000013959	
-7244.5	0.000015626	
-7239.5	0.000017292	
-7234.5	0.000015206	
-7229.5	0.00002125	
-7224.5	0.000015	
-7219.5	0.000014585	
-7214.5	0.000017498	
-7209.5	0.000018543	
-7204.5	0.000015626	
-7199.5	0.000016457	
-7194.5	0.000015626	
-7189.5	0.000016457	
-7184.5	0.000015832	
-7179.5	0.000015206	
-7174.5	0.000012293	
-7169.5	0.000016457	
-7164.5	0.000020415	
-7159.5	0.00002104	
-7154.5	1.65E-05	
-7149.5	1.52E-05	
-7144.5	0.000016457	
-7139.5	0.000018543	
-7134.5	0.000020834	
-7129.5	0.000019168	
-7124.5	0.000017292	
-7119.5	0.000020625	
-7114.5	0.000019999	
-7109.5	0.000020415	
-7104.5	0.000020834	
-7099.5	0.00002125	
-7094.5	0.000019584	
-7089.5	0.000019168	
-7084.5	0.000017708	
-7079.5	0.000020415	
-7074.5	0.000019168	
-7069.5	0.000021666	
-7064.5	0.000019999	
-7059.5	0.000021666	
-7054.5	0.000018958	
-7049.5	0.000020625	
-7044.5	0.000019584	
-7039.5	0.000024167	
-7034.5	0.000020209	
-7029.5	0.000022501	
-7024.5	0.000019999	
-7019.5	0.00002146	
-7014.5	0.000023542	
-7009.5	0.000028125	
-7004.5	0.000027084	
-6999.5	0.000023126	
-6994.5	0.000024377	
-6989.5	0.000022085	
-6984.5	0.000022707	
-6979.5	0.000022501	
-6974.5	0.000029376	
-6969.5	0.00002146	
-6964.5	0.000023542	
-6959.5	0.00002729	
-6954.5	0.000026043	
-6949.5	0.000022085	
-6944.5	0.000024377	
-6939.5	0.000026043	
-6934.5	0.000022085	
-6929.5	0.000022916	
-6924.5	0.00002896	
-6919.5	0.000026874	
-6914.5	0.00002875	
-6909.5	0.000028541	
-6904.5	0.000028125	
-6899.5	0.000026874	
-6894.5	0.00003187	
-6889.5	0.000026043	
-6884.5	0.000025833	
-6879.5	0.000028541	
-6874.5	0.00003167	
-6869.5	0.000028541	
-6864.5	0.00003208	
-6859.5	0.000027915	
-6854.5	0.00003208	
-6849.5	0.000029582	
-6844.5	0.00003375	
-6839.5	0.000030626	
-6834.5	0.00003437	
-6829.5	0.00003375	
-6824.5	0.00002875	
-6819.5	0.00003604	
-6814.5	0.00003167	
-6809.5	0.00003708	
-6804.5	0.00003333	
-6799.5	0.00003396	
-6794.5	0.00003375	
-6789.5	0.00003667	
-6784.5	0.00003312	
-6779.5	0.00003958	
-6774.5	0.00003292	
-6769.5	0.00004	
-6764.5	0.00003604	
-6759.5	0.00003771	
-6754.5	0.00003813	
-6749.5	0.00004062	
-6744.5	0.00003917	
-6739.5	0.00003979	
-6734.5	0.00003917	
-6729.5	0.00004042	
-6724.5	0.000045	
-6719.5	0.00003979	
-6714.5	0.0000375	
-6709.5	0.00004417	
-6704.5	0.00004708	
-6699.5	0.00004292	
-6694.5	0.00003833	
-6689.5	0.00004625	
-6684.5	0.00005042	
-6679.5	0.00004791	
-6674.5	0.00004354	
-6669.5	0.00004271	
-6664.5	0.00004833	
-6659.5	0.00004833	
-6654.5	0.00004937	
-6649.5	0.00004583	
-6644.5	0.00004583	
-6639.5	0.00004729	
-6634.5	0.00004812	
-6629.5	0.00004687	
-6624.5	0.00004354	
-6619.5	0.00005625	
-6614.5	0.00004812	
-6609.5	0.00005146	
-6604.5	0.000055	
-6599.5	0.00005979	
-6594.5	0.00005708	
-6589.5	0.00005292	
-6584.5	0.00005354	
-6579.5	0.0000525	
-6574.5	0.00005479	
-6569.5	0.00005437	
-6564.5	0.0000575	
-6559.5	0.00005521	
-6554.5	0.00005562	
-6549.5	0.00005625	
-6544.5	0.00006083	
-6539.5	0.0000625	
-6534.5	0.00005729	
-6529.5	0.00006521	
-6524.5	0.00006021	
-6519.5	0.00005958	
-6514.5	0.00006292	
-6509.5	0.00006604	
-6504.5	0.0000675	
-6499.5	0.00006354	
-6494.5	0.00006458	
-6489.5	0.00006708	
-6484.5	0.00006812	
-6479.5	0.00006625	
-6474.5	0.00006708	
-6469.5	0.00006521	
-6464.5	0.00007188	
-6459.5	0.00006792	
-6454.5	0.00006812	
-6449.5	0.00008062	
-6444.5	0.00007458	
-6439.5	0.00007396	
-6434.5	0.00007687	
-6429.5	0.00006625	
-6424.5	0.00007792	
-6419.5	0.00007313	
-6414.5	0.00007646	
-6409.5	0.00007979	
-6404.5	0.000075	
-6399.5	0.000085	
-6394.5	0.00007771	
-6389.5	0.00008104	
-6384.5	0.00008187	
-6379.5	0.00008375	
-6374.5	0.00008875	
-6369.5	0.00008479	
-6364.5	0.00008291	
-6359.5	0.00007938	
-6354.5	0.00008667	
-6349.5	0.0000875	
-6344.5	0.00009	
-6339.5	0.00009104	
-6334.5	0.00009417	
-6329.5	0.00009229	
-6324.5	0.00009354	
-6319.5	9.77E-05	
-6314.5	9.90E-05	
-6309.5	9.23E-05	
-6304.5	0.00009417	
-6299.5	0.00010875	
-6294.5	0.00010312	
-6289.5	0.00010521	
-6284.5	0.00010708	
-6279.5	0.00011021	
-6274.5	0.00010521	
-6269.5	0.00011438	
-6264.5	0.00010583	
-6259.5	0.00010542	
-6254.5	0.00010271	
-6249.5	0.00011292	
-6244.5	0.00011062	
-6239.5	0.00012083	
-6234.5	0.00011438	
-6229.5	0.00011583	
-6224.5	0.00012146	
-6219.5	0.00012	
-6214.5	0.00013042	
-6209.5	0.00012437	
-6204.5	0.00011833	
-6199.5	0.00012875	
-6194.5	0.00013187	
-6189.5	0.00013208	
-6184.5	0.00012562	
-6179.5	0.00012729	
-6174.5	0.00014188	
-6169.5	0.00012854	
-6164.5	0.00013792	
-6159.5	0.00014542	
-6154.5	0.00012771	
-6149.5	0.00014687	
-6144.5	0.0001425	
-6139.5	0.00014875	
-6134.5	0.00015812	
-6129.5	0.00014646	
-6124.5	0.00014375	
-6119.5	0.00015604	
-6114.5	0.00015167	
-6109.5	0.00016229	
-6104.5	0.00016104	
-6099.5	0.00015958	
-6094.5	0.00016438	
-6089.5	0.00016458	
-6084.5	0.00017229	
-6079.5	0.00016854	
-6074.5	0.00017687	
-6069.5	0.00017771	
-6064.5	0.00017208	
-6059.5	0.00018166	
-6054.5	0.00018146	
-6049.5	0.000175	
-6044.5	0.00018604	
-6039.5	0.00019104	
-6034.5	0.00018729	
-6029.5	0.00019708	
-6024.5	0.00020396	
-6019.5	0.00019125	
-6014.5	0.00019979	
-6009.5	0.00021083	
-6004.5	0.00019625	
-5999.5	0.00021708	
-5994.5	0.00022021	
-5989.5	0.00021187	
-5984.5	0.00021271	
-5979.5	0.00022291	
-5974.5	0.00023021	
-5969.5	0.00022979	
-5964.5	0.00024125	
-5959.5	0.00023125	
-5954.5	0.00023208	
-5949.5	0.00023354	
-5944.5	0.00025542	
-5939.5	0.0002525	0
-5934.5	2.48E-04	0.00E+00
-5929.5	2.50E-04	0.00E+00
-5924.5	2.45E-04	0.00E+00
-5919.5	2.68E-04	0.00E+00
-5914.5	2.62E-04	0.00E+00
-5909.5	2.59E-04	0.00E+00
-5904.5	2.81E-04	0.00E+00
-5899.5	0.00027271	0.00E+00
-5894.5	0.00029312	0.00E+00
-5889.5	0.00028666	0
-5884.5	0.00029917	0.00E+00
-5879.5	0.00030625	0.00E+00
-5874.5	0.00029979	0.00E+00
-5869.5	0.00030791	0.00E+00
-5864.5	0.00031541	0.00E+00
-5859.5	0.0003269	0.00E+00
-5854.5	0.00030521	0.00E+00
-5849.5	0.0003177	0
-5844.5	0.0003235	0.00E+00
-5839.5	0.0003377	0.00E+00
-5834.5	0.0003298	0.00E+00
-5829.5	0.0003348	0.00E+00
-5824.5	0.0003525	0.00E+00
-5819.5	0.0003548	0.00E+00
-5814.5	0.0003529	0.00E+00
-5809.5	0.0003629	0.00E+00
-5804.5	0.0003679	0.00E+00
-5799.5	0.0003915	0.00E+00
-5794.5	0.0004023	0.00E+00
-5789.5	0.0004021	0.00E+00
-5784.5	0.0004065	0.00E+00
-5779.5	0.0004071	0.00E+00
-5774.5	0.0004267	0.00E+00
-5769.5	0.0004062	0
-5764.5	0.0004471	0
-5759.5	0.000444	0.00E+00
-5754.5	0.00043	0.00E+00
-5749.5	0.0004452	0.00E+00
-5744.5	0.0004565	0
-5739.5	0.000465	0
-5734.5	0.0004727	0.00E+00
-5729.5	0.0004696	0
-5724.5	0.0004806	0
-5719.5	0.0004958	0.00E+00
-5714.5	0.0005277	0.00E+00
-5709.5	0.0005365	0.00E+00
-5704.5	0.0005452	0.00E+00
-5699.5	0.0005452	0.00E+00
-5694.5	0.0005623	0.00E+00
-5689.5	0.0005412	0
-5684.5	0.0005752	0.00E+00
-5679.5	0.000586	0.00E+00
-5674.5	0.0005996	0.00E+00
-5669.5	0.0006131	0.00E+00
-5664.5	0.0006112	0.00E+00
-5659.5	0.0006423	0.00E+00
-5654.5	0.0006508	0
-5649.5	0.0006642	0.00E+00
-5644.5	0.0006629	0.00E+00
-5639.5	0.0007075	0.00E+00
-5634.5	0.0007142	0
-5629.5	0.000725	0.00E+00
-5624.5	0.0007115	0.00E+00
-5619.5	0.0007442	0.00E+00
-5614.5	0.0007294	0
-5609.5	0.000804	0
-5604.5	0.0007979	0
-5599.5	0.0008235	0.00E+00
-5594.5	0.0008173	0
-5589.5	0.000856	0.00E+00
-5584.5	0.0008717	0
-5579.5	0.0009071	0
-5574.5	0.0009075	0.00E+00
-5569.5	0.0009135	0.00E+00
-5564.5	0.0009567	0.00E+00
-5559.5	0.0009712	0.00E+00
-5554.5	0.0010115	0.00E+00
-5549.5	0.0010181	0
-5544.5	0.0010283	0
-5539.5	0.0011035	0.00E+00
-5534.5	0.0011252	0.00E+00
-5529.5	0.0011173	0.00E+00
-5524.5	0.0011675	0.00E+00
-5519.5	0.001209	0.00E+00
-5514.5	0.0012323	0
-5509.5	0.0012712	0.00E+00
-5504.5	0.0012873	0.00E+00
-5499.5	0.0013446	0.00E+00
-5494.5	0.0013458	0.00E+00
-5489.5	0.00138	0
-5484.5	0.0014304	0
-5479.5	0.0014814	0
-5474.5	0.0015237	0
-5469.5	0.0015596	0.00E+00
-5464.5	0.0015787	0.00E+00
-5459.5	0.0016671	0
-5454.5	0.0017258	0.00E+00
-5449.5	0.0017446	0.00E+00
-5444.5	0.0018139	0
-5439.5	0.0018558	0.00E+00
-5434.5	0.0019369	0
-5429.5	0.002005	0
-5424.5	0.0020394	0.00E+00
-5419.5	0.0021148	0
-5414.5	0.0022367	0
-5409.5	0.0022489	0.00E+00
-5404.5	0.0023387	0.00E+00
-5399.5	0.0024237	0
-5394.5	0.0025327	0.00E+00
-5389.5	0.0026187	0
-5384.5	0.0027652	0.00E+00
-5379.5	0.0028831	0
-5374.5	0.0029789	0.00E+00
-5369.5	0.0030598	0.00E+00
-5364.5	0.003241	0
-5359.5	0.003287	0
-5354.5	0.003334	0
-5349.5	0.003367	0.00E+00
-5344.5	0.00347	0
-5339.5	0.003554	0.00E+00
-5334.5	0.003539	0
-5329.5	0.003543	0
-5324.5	0.003615	0
-5319.5	0.003581	0.00E+00
-5314.5	0.003354	1.25E-06
-5309.5	0.0030694	1.67E-06
-5304.5	0.0027531	0.000013125
-5299.5	0.0024969	0.00006854
-5294.5	0.0023812	0.00018854
-5289.5	0.0023142	0.0003571
-5284.5	0.0022819	0.000509
-5279.5	0.0023012	0.0006998
-5274.5	0.0022358	0.0008594
-5269.5	0.0021658	0.0009746
-5264.5	0.0021104	0.001054
-5259.5	0.0020069	0.0011381
-5254.5	0.0019737	0.001211
-5249.5	0.001815	0.0013117
-5244.5	0.0016239	0.0013775
-5239.5	0.0013552	0.001446
-5234.5	0.0010448	0.0015315
-5229.5	0.000705	0.0015052
-5224.5	0.0003754	0.0015731
-5219.5	0.00012771	0.0016906
-5214.5	0.000030417	0.0019394
-5209.5	0.000003542	0.0022567
-5204.5	0.000001041	0.002655
-5199.5	0.000001876	0.0027708
-5194.5	1.67E-06	0.0027019
-5189.5	4.16E-07	0.0026217
-5184.5	6.25E-07	0.00257
-5179.5	1.25E-06	0.0024588
-5174.5	1.46E-06	0.0024648
-5169.5	6.25E-07	0.002486
-5164.5	4.16E-07	0.0025475
-5159.5	8.35E-07	0.0026094
-5154.5	1.67E-06	0.0026875
-5149.5	8.35E-07	0.0027581
-5144.5	0	0.0028006
-5139.5	0	0.0028498
-5134.5	0	0.0029492
-5129.5	0	0.0029285
-5124.5	0	0.0029427
-5119.5	0	0.0029894
-5114.5	0	0.0029202
-5109.5	0	0.0029831
-5104.5	0	0.0029685
-5099.5	0	0.0029946
-5094.5	0	2.98E-03
-5089.5	0	0.0029856
-5084.5	0	0.0029383
-5079.5	0	0.0029429
-5074.5	0	0.002955
-5069.5	0	0.0028819
-5064.5	0	0.002816
-5059.5	0	0.0027383
-5054.5	0	2.75E-03
-5049.5	0	2.64E-03
-5044.5	0	2.58E-03
-5039.5	0	0.0025038
-5034.5	0	2.38E-03
-5029.5	0	2.28E-03
-5024.5	0	2.20E-03
-5019.5	0	2.11E-03
-5014.5	0	2.07E-03
-5009.5	0	2.01E-03
-5004.5	0	1.93E-03
-4999.5	0	1.85E-03
-4994.5	0	1.79E-03
-4989.5	0	1.73E-03
-4984.5	0	1.71E-03
-4979.5	0	1.65E-03
-4974.5	0	1.60E-03
-4969.5	0	1.52E-03
-4964.5	0	1.49E-03
-4959.5	0	1.45E-03
-4954.5	0	1.39E-03
-4949.5	0	1.35E-03
-4944.5	0	1.31E-03
-4939.5	0	1.26E-03
-4934.5	0	1.24E-03
-4929.5	0	1.19E-03
-4924.5	0	1.18E-03
-4919.5	0	1.11E-03
-4914.5	0	1.09E-03
-4909.5	0	1.07E-03
-4904.5	0	0.0010323
-4899.5	0	0.0010277
-4894.5	0	0.0009731
-4889.5	0	0.0009367
-4884.5	0	0.000934
-4879.5	0	0.0009113
-4874.5	0	0.000854
-4869.5	0	0.0008692
-4864.5	0	0.0008215
-4859.5	0	0.0008383
-4854.5	0	0.0007973
-4849.5	0	0.000776
-4844.5	0	0.0007344
-4839.5	0	0.0007204
-4834.5	0	0.0007138
-4829.5	0	0.0006844
-4824.5	0	0.000661
-4819.5	0	0.0006473
-4814.5	0	0.0006485
-4809.5	0	0.0006346
-4804.5	0	0.0006027
-4799.5	0	0.0005919
-4794.5	0	0.0006031
-4789.5	0	0.0005594
-4784.5	0	0.0005563
-4779.5	0	0.0005404
-4774.5	0	0.0005377
-4769.5	0	0.0005177
-4764.5	0	0.0004981
-4759.5	0	5.03E-04
-4754.5	0	4.81E-04
-4749.5	0	0.0004665
-4744.5	0	0.0004535
-4739.5	0	0.0004456
-4734.5	0	0.0004333
-4729.5	0	0.0004075
-4724.5	0	0.0004
-4719.5	0	0.0004054
-4714.5	0	0.0003902
-4709.5	0	0.0003819
-4704.5	0	0.000366
-4699.5	0	0.0003752
-4694.5	0	0.0003513
-4689.5	0	0.0003375
-4684.5	0	0.0003477
-4679.5	0	0.0003335
-4674.5	0	0.0003296
-4669.5	0	0.0003169
-4664.5	0	0.0003192
-4659.5	0	0.00030562
-4654.5	0	0.00028646
-4649.5	0	0.00029271
-4644.5	0	0.00027542
-4639.5	0	0.00028
-4634.5	0	0.00026854
-4629.5	0	0.00026
-4624.5	0	0.00025917
-4619.5	0	0.00026125
-4614.5	0	0.00023542
-4609.5	0	0.00023875
-4604.5	0	0.00022792
-4599.5	0	0.0002375
-4594.5	0	0.00021167
-4589.5	0	0.00020729
-4584.5	0	0.00021458
-4579.5	0	0.00020812
-4574.5	0	0.00020688
-4569.5	0	0.00019542
-4564.5	0	0.0001925
-4559.5	0	0.00017917
-4554.5	0	0.00018687
-4549.5	0	0.00018563
-4544.5	0	0.00017833
-4539.5	0	1.71E-04
-4534.5	0	1.63E-04
-4529.5	0	0.00017146
-4524.5	0	0.00015646
-4519.5	0	0.00016
-4514.5	0	0.00015375
-4509.5		0.00015458
-4504.5		0.00015208
-4499.5		0.00014042
-4494.5		0.00014646
-4489.5		0.00014396
-4484.5		0.00012833
-4479.5		0.00013979
-4474.5		0.00013104
-4469.5		0.00012917
-4464.5		0.00010958
-4459.5		0.00011646
-4454.5		0.00011292
-4449.5		0.00011854
-4444.5		0.00011771
-4439.5		0.00011417
-4434.5		0.00011
-4429.5		0.00011063
-4424.5		0.00009917
-4419.5		0.00010417
-4414.5		0.00009812
-4409.5		0.00009437
-4404.5		0.00008938
-4399.5		0.00009042
-4394.5		0.00008458
-4389.5		0.00009125
-4384.5		0.00008438
-4379.5		0.00008729
-4374.5		0.00008
-4369.5		0.00008042
-4364.5		0.00008417
-4359.5		0.00007
-4354.5		0.00007563
-4349.5		0.00008
-4344.5		0.00007708
-4339.5		0.00007271
-4334.5		0.00006875
-4329.5		0.00006125
-4324.5		0.00007042
-4319.5		0.00006521
-4314.5		0.00006604
-4309.5		0.00006271
-4304.5		0.00006646
-4299.5		0.00006604
-4294.5		0.00005562
-4289.5		0.00005729
-4284.5		0.00005917
-4279.5		0.00005271
-4274.5		0.00005146
-4269.5		0.00005417
-4264.5		0.00005292
-4259.5		0.00004875
-4254.5		0.00004667
-4249.5		0.00004979
-4244.5		0.00004854
-4239.5		0.00004646
-4234.5		0.00004771
-4229.5		0.00004292
-4224.5		0.00004542
-4219.5		0.00003604
-4214.5		0.00004604
-4209.5		0.00003437
-4204.5		0.00003875
-4199.5		0.00003562
-4194.5		0.00003417
-4189.5		0.000030832
-4184.5		0.0000325
-4179.5		0.00003187
-4174.5		0.000030626
-4169.5		0.000028958
-4164.5		0.000031252
-4159.5		0.000030626
-4154.5		0.000026667
-4149.5		0.000028541
-4144.5		0.00002396
-4139.5		0.000024792
-4134.5		0.000028335
-4129.5		0.000024166
-4124.5		0.00002354
-4119.5		0.000024376
-4114.5		0.000024999
-4109.5		0.000023124
-4104.5		0.00002125
-4099.5		0.000020207
-4094.5		0.000020833
-4089.5		0.000024999
-4084.5		0.000015832
-4079.5		0.000017917
-4074.5		0.000019375
-4069.5		0.000021043
-4064.5		0.000017084
-4059.5		0.000015
-4054.5		0.000018333
-4049.5		0.000015626
-4044.5		0.000015416
-4039.5		0.000014374
-4034.5		0.000017707
-4029.5		0.000015626
-4024.5		0.000014584
-4019.5		0.000013958
-4014.5		0.00001521
-4009.5		0.000010418
-4004.5		0.000012293
-3999.5		0.000013542
-3994.5		0.000009583
-3989.5		0.000013542
-3984.5		0.000013332
-3979.5		0.000010418
-3974.5		0.000009792
-3969.5		0.000011041
-3964.5		0.00000625
-3959.5		0.000009583
-3954.5		0.000011041
-3949.5		0.000007082
-3944.5		0.000006666
-3939.5		0.000009792
-3934.5		0.000008541
-3929.5		0.000007292
-3924.5		0.000006876
-3919.5		0.000006666
-3914.5		0.000006043
-3909.5		0.000008334
-3904.5		0.00000625
-3899.5		0.000006876
-3894.5		0.000006666
-3889.5		0.000005208
-3884.5		0.000005001
-3879.5		0.000006876
-3874.5		2.71E-06
-3869.5		0.000004791
-3864.5		0.000004585
-3859.5		0.00000625
-3854.5		0.000003543
-3849.5		0.000004585
-3844.5		3.13E-06
-3839.5		0.000004165
-3834.5		0.000003333
-3829.5		0.000005417
-3824.5		2.92E-06
-3819.5		2.29E-06
-3814.5		3.13E-06
-3809.5		2.92E-06
-3804.5		2.92E-06
-3799.5		3.13E-06
-3794.5		1.87E-06
-3789.5		2.29E-06
-3784.5		2.92E-06
-3779.5		1.04E-06
-3774.5		2.29E-06
-3769.5		2.08E-06
-3764.5		2.08E-06
-3759.5		1.87E-06
-3754.5		8.33E-07
-3749.5		1.04E-06
-3744.5		1.87E-06
-3739.5		1.46E-06
-3734.5		1.04E-06
-3729.5		1.04E-06
-3724.5		4.16E-07
-3719.5		6.26E-07
-3714.5		0
-3709.5		6.26E-07
-3704.5		8.33E-07
-3699.5		8.33E-07
-3694.5		2.10E-07
-3689.5		
-3684.5		
-3679.5		
-3674.5		
-3669.5		
-3664.5		
-3659.5		
-3654.5		
-3649.5		
-3644.5		
-3639.5		
-3634.5		
-3629.5		
-3624.5		
-3619.5		
-3614.5		
-3609.5		
-3604.5		
-3599.5		
-3594.5		
-3589.5		
-3584.5		
-3579.5		
-3574.5		
-3569.5		
-3564.5		
-3559.5		
-3554.5		
-3549.5		
-3544.5		
-3539.5		
-3534.5		
-3529.5		
-3524.5		
-3519.5		
-3514.5		
-3509.5		
-3504.5		
-3499.5		
-3494.5		
-3489.5		
-3484.5		
-3479.5		
-3474.5		
-3469.5		
-3464.5		
-3459.5		
-3454.5		
-3449.5		
-3444.5		
-3439.5		
-3434.5		
-3429.5		
-3424.5		
-3419.5		
-3414.5		
-3409.5		
-3404.5		
-3399.5		
-3394.5		
-3389.5		
-3384.5		
-3379.5		
-3374.5		
-3369.5		
-3364.5		
-3359.5		
-3354.5		
-3349.5		
-3344.5		
-3339.5		
-3334.5		
-3329.5		
-3324.5		
-3319.5		
-3314.5		
-3309.5		
-3304.5		
-3299.5		
-3294.5		
-3289.5		
-3284.5		
-3279.5		
-3274.5		
-3269.5		
-3264.5		
-3259.5		
-3254.5		
-3249.5		
-3244.5		
-3239.5		
-3234.5		
-3229.5		
-3224.5		
-3219.5		
-3214.5		
-3209.5		
-3204.5		
-3199.5		
-3194.5		
-3189.5		
-3184.5		
-3179.5		
-3174.5		
-3169.5		
-3164.5		
-3159.5		
-3154.5		
-3149.5		
-3144.5		
-3139.5		
-3134.5		
-3129.5		
-3124.5		
-3119.5		
-3114.5		
-3109.5		
-3104.5		
-3099.5		
-3094.5		
-3089.5		
-3084.5		
-3079.5		
-3074.5		
-3069.5		
-3064.5		
-3059.5		
-3054.5		
-3049.5		
-3044.5		
-3039.5		
-3034.5		
-3029.5		
-3024.5		
-3019.5		
-3014.5		
-3009.5		
-3004.5		
-2999.5		
-2994.5		
-2989.5		
-2984.5		
-2979.5		
-2974.5		
-2969.5		
-2964.5		
-2959.5		
-2954.5		
-2949.5		
-2944.5		
-2939.5		
-2934.5		
-2929.5		
-2924.5		
-2919.5		
-2914.5		
-2909.5		
-2904.5		
-2899.5		
-2894.5		
-2889.5		
-2884.5		
-2879.5		
-2874.5		
-2869.5		
-2864.5		
-2859.5		
-2854.5		
-2849.5		
-2844.5		
-2839.5		
-2834.5		
-2829.5		
-2824.5		
-2819.5		
-2814.5		
-2809.5		
-2804.5		
-2799.5		
-2794.5		
-2789.5		
-2784.5		
-2779.5		
-2774.5		
-2769.5		
-2764.5		
-2759.5		
-2754.5		
-2749.5		
-2744.5		
-2739.5		
-2734.5		
-2729.5		
-2724.5		
-2719.5		
-2714.5		
-2709.5		
-2704.5		
-2699.5		
-2694.5		
-2689.5		
-2684.5		
-2679.5		
-2674.5		
-2669.5		
-2664.5		
-2659.5		
-2654.5		
-2649.5		
-2644.5		
-2639.5		
-2634.5		
-2629.5		
-2624.5		
-2619.5		
-2614.5		
-2609.5		
-2604.5		
-2599.5		
-2594.5		
-2589.5		
-2584.5		
-2579.5		
-2574.5		
-2569.5		
-2564.5		
-2559.5		
-2554.5		
-2549.5		
-2544.5		
-2539.5		
-2534.5		
-2529.5		
-2524.5		
-2519.5		
-2514.5		
-2509.5		
-2504.5		
-2499.5		
-2494.5		
-2489.5		
-2484.5		
-2479.5		
-2474.5		
-2469.5		
-2464.5		
-2459.5		
-2454.5		
-2449.5		
-2444.5		
-2439.5		
-2434.5		
-2429.5		
-2424.5		
-2419.5		
-2414.5		
-2409.5		
-2404.5		
-2399.5		
-2394.5		
-2389.5		
-2384.5		
-2379.5		
-2374.5		
-2369.5		
-2364.5		
-2359.5		
-2354.5		
-2349.5		
-2344.5		
-2339.5		
-2334.5		
-2329.5		
-2324.5		
-2319.5		
-2314.5		
-2309.5		
-2304.5		
-2299.5		
-2294.5		
-2289.5		
-2284.5		
-2279.5		
-2274.5		
-2269.5		
-2264.5		
-2259.5		
-2254.5		
-2249.5		
-2244.5		
-2239.5		
-2234.5		
-2229.5		
-2224.5		
-2219.5		
-2214.5		
-2209.5		
-2204.5		
-2199.5		
-2194.5		
-2189.5		
-2184.5		
-2179.5		
-2174.5		
-2169.5		
-2164.5		
-2159.5		
-2154.5		
-2149.5		
-2144.5		
-2139.5		
-2134.5		
-2129.5		
-2124.5		
-2119.5		
-2114.5		
-2109.5		
-2104.5		
-2099.5		
-2094.5		
-2089.5		
-2084.5		
-2079.5		
-2074.5		
-2069.5		
-2064.5		
-2059.5		
-2054.5		
-2049.5		
-2044.5		
-2039.5		
-2034.5		
-2029.5		
-2024.5		
-2019.5		
-2014.5		
-2009.5		
-2004.5		
-1999.5		
-1994.5		
-1989.5		
-1984.5		
-1979.5		
-1974.5		
-1969.5		
-1964.5		
-1959.5		
-1954.5		
-1949.5		
-1944.5		
-1939.5		
-1934.5		
-1929.5		
-1924.5		
-1919.5		
-1914.5		
-1909.5		
-1904.5		
-1899.5		
-1894.5		
-1889.5		
-1884.5		
-1879.5		
-1874.5		
-1869.5		
-1864.5		
-1859.5		
-1854.5		
-1849.5		
-1844.5		
-1839.5		
-1834.5		
-1829.5		
-1824.5		
-1819.5		
-1814.5		
-1809.5		
-1804.5		
-1799.5		
-1794.5		
-1789.5		
-1784.5		
-1779.5		
-1774.5		
-1769.5		
-1764.5		
-1759.5		
-1754.5		
-1749.5		
-1744.5		
-1739.5		
-1734.5		
-1729.5		
-1724.5		
-1719.5		
-1714.5		
-1709.5		
-1704.5		
-1699.5		
-1694.5		
-1689.5		
-1684.5		
-1679.5		
-1674.5		
-1669.5		
-1664.5		
-1659.5		
-1654.5		
-1649.5		
-1644.5		
-1639.5		
-1634.5		
-1629.5		
-1624.5		
-1619.5		
-1614.5		
-1609.5		
-1604.5		
-1599.5		
-1594.5		
-1589.5		
-1584.5		
-1579.5		
-1574.5		
-1569.5		
-1564.5		
-1559.5		
-1554.5		
-1549.5		
-1544.5		
-1539.5		
-1534.5		
-1529.5		
-1524.5		
-1519.5		
-1514.5		
-1509.5		
-1504.5		
-1499.5		
-1494.5		
-1489.5		
-1484.5		
-1479.5		
-1474.5		
-1469.5		
-1464.5		
-1459.5		
-1454.5		
-1449.5		
-1444.5		
-1439.5		
-1434.5		
-1429.5		
-1424.5		
-1419.5		
-1414.5		
-1409.5		
-1404.5		
-1399.5		
-1394.5		
-1389.5		
-1384.5		
-1379.5		
-1374.5		
-1369.5		
-1364.5		
-1359.5		
-1354.5		
-1349.5		
-1344.5		
-1339.5		
-1334.5		
-1329.5		
-1324.5		
-1319.5		
-1314.5		
-1309.5		
-1304.5		
-1299.5		
-1294.5		
-1289.5		
-1284.5		
-1279.5		
-1274.5		
-1269.5		
-1264.5		
-1259.5		
-1254.5		
-1249.5		
-1244.5		
-1239.5		
-1234.5		
-1229.5		
-1224.5		
-1219.5		
-1214.5		
-1209.5		
-1204.5		
-1199.5		
-1194.5		
-1189.5		
-1184.5		
-1179.5		
-1174.5		
-1169.5		
-1164.5		
-1159.5		
-1154.5		
-1149.5		
-1144.5		
-1139.5		
-1134.5		
-1129.5		
-1124.5		
-1119.5		
-1114.5		
-1109.5		
-1104.5		
-1099.5		
-1094.5		
-1089.5		
-1084.5		
-1079.5		
-1074.5		
-1069.5		
-1064.5		
-1059.5		
-1054.5		
-1049.5		
-1044.5		
-1039.5		
-1034.5		
-1029.5		
-1024.5		
-1019.5		
-1014.5		
-1009.5		
-1004.5		
-999.5		
-994.5		
-989.5		
-984.5		
-979.5		
-974.5		
-969.5		
-964.5		
-959.5		
-954.5		
-949.5		
-944.5		
-939.5		
-934.5		
-929.5		
-924.5		
-919.5		
-914.5		
-909.5		
-904.5		
-899.5		
-894.5		
-889.5		
-884.5		
-879.5		
-874.5		
-869.5		
-864.5		
-859.5		
-854.5		
-849.5		
-844.5		
-839.5		
-834.5		
-829.5		
-824.5		
-819.5		
-814.5		
-809.5		
-804.5		
-799.5		
-794.5		
-789.5		
-784.5		
-779.5		
-774.5		
-769.5		
-764.5		
-759.5		
-754.5		
-749.5		
-744.5		
-739.5		
-734.5		
-729.5		
-724.5		
-719.5		
-714.5		
-709.5		
-704.5		
-699.5		
-694.5		
-689.5		
-684.5		
-679.5		
-674.5		
-669.5		
-664.5		
-659.5		
-654.5		
-649.5		
-644.5		
-639.5		
-634.5		
-629.5		
-624.5		
-619.5		
-614.5		
-609.5		
-604.5		
-599.5		
-594.5		
-589.5		
-584.5		
-579.5		
-574.5		
-569.5		
-564.5		
-559.5		
-554.5		
-549.5		
-544.5		
-539.5		
-534.5		
-529.5		
-524.5		
-519.5		
-514.5		
-509.5		
-504.5		
-499.5		
-494.5		
-489.5		
-484.5		
-479.5		
-474.5		
-469.5		
-464.5		
-459.5		
-454.5		
-449.5		
-444.5		
-439.5		
-434.5		
-429.5		
-424.5		
-419.5		
-414.5		
-409.5		
-404.5		
-399.5		
-394.5		
-389.5		
-384.5		
-379.5		
-374.5		
-369.5		
-364.5		
-359.5		
-354.5		
-349.5		
-344.5		
-339.5		
-334.5		
-329.5		
-324.5		
-319.5		
-314.5		
-309.5		
-304.5		
-299.5		
-294.5		
-289.5		
-284.5		
-279.5		
-274.5		
-269.5		
-264.5		
-259.5		
-254.5		
-249.5		
-244.5		
-239.5		
-234.5		
-229.5		
-224.5		
-219.5		
-214.5		
-209.5		
-204.5		
-199.5		
-194.5		
-189.5		
-184.5		
-179.5		
-174.5		
-169.5		
-164.5		
-159.5		
-154.5		
-149.5		
-144.5		
-139.5		
-134.5		
-129.5		
-124.5		
-119.5		
-114.5		
-109.5		
-104.5		
-99.5		
-94.5		
-89.5		
-84.5		
-79.5		
-74.5		
-69.5		
-64.5		
-59.5		
-54.5		
-49.5		
-44.5		
-39.5		
-34.5		
-29.5		
-24.5		
-19.5		
-14.5		
-9.5		
-4.5		
0.5		
5.5		
10.5		
15.5		
20.5		
25.5		
30.5		
35.5		
40.5		
45.5		
50.5		
55.5		
60.5		
65.5		
70.5		
75.5		
80.5		
85.5		
90.5		
95.5		
100.5		
105.5		
110.5		
115.5		
120.5		
125.5		
130.5		
135.5		
140.5		
145.5		
150.5		
155.5		
160.5		
165.5		
170.5		
175.5		
180.5		
185.5		
190.5		
195.5		
200.5		
205.5		
210.5		
215.5		
220.5		
225.5		
230.5		
235.5		
240.5		
245.5		
250.5		
255.5		
260.5		
265.5		
270.5		
275.5		
280.5		
285.5		
290.5		
295.5		
300.5		
305.5		
310.5		
315.5		
320.5		
325.5		
330.5		
335.5		
340.5		
345.5		
350.5		
355.5		
360.5		
365.5		
370.5		
375.5		
380.5		
385.5		
390.5		
395.5		
400.5		
405.5		
410.5		
415.5		
420.5		
425.5		
430.5		
435.5		
440.5		
445.5		
450.5		
455.5		
460.5		
465.5		
470.5		
475.5		
480.5		
485.5		
490.5		
495.5		
500.5		
505.5		
510.5		
515.5		
520.5		
525.5		
530.5		
535.5		
540.5		
545.5		
550.5		
555.5		
560.5		
565.5		
570.5		
575.5		
580.5		
585.5		
590.5		
595.5		
600.5		
605.5		
610.5		
615.5		
620.5		
625.5		
630.5		
635.5		
640.5		
645.5		
650.5		
655.5		
660.5		
665.5		
670.5		
675.5		
680.5		
685.5		
690.5		
695.5		
700.5		
705.5		
710.5		
715.5		
720.5		
725.5		
730.5		
735.5		
740.5		
745.5		
750.5		
755.5		
760.5		
765.5		
770.5		
775.5		
780.5		
785.5		
790.5		
795.5		
800.5		
805.5		
810.5		
815.5		
820.5		
825.5		
830.5		
835.5		
840.5		
845.5		
850.5		
855.5		
860.5		
865.5		
870.5		
875.5		
880.5		
885.5		
890.5		
895.5		
900.5		
905.5		
910.5		
915.5		
920.5		
925.5		
930.5		
935.5		
940.5		
945.5		
950.5		
955.5		
960.5		
965.5		
970.5		
975.5		
980.5		
985.5		
990.5		
995.5		
1000.5		
1005.5		
1010.5		
1015.5		
1020.5		
1025.5		
1030.5		
1035.5		
1040.5		
1045.5		
1050.5		
1055.5		
1060.5		
1065.5		
1070.5		
1075.5		
1080.5		
1085.5		
1090.5		
1095.5		
1100.5		
1105.5		
1110.5		
1115.5		
1120.5		
1125.5		
1130.5		
1135.5		
1140.5		
1145.5		
1150.5		
1155.5		
1160.5		
1165.5		
1170.5		
1175.5		
1180.5		
1185.5		
1190.5		
1195.5		
1200.5		
1205.5		
1210.5		
1215.5		
1220.5		
1225.5		
1230.5		
1235.5		
1240.5		
1245.5		
1250.5		
1255.5		
1260.5		
1265.5		
1270.5		
1275.5		
1280.5		
1285.5		
1290.5		
1295.5		
1300.5		
1305.5		
1310.5		
1315.5		
1320.5		
1325.5		
1330.5		
1335.5		
1340.5		
1345.5		
1350.5		
1355.5		
1360.5		
1365.5		
1370.5		
1375.5		
1380.5		
1385.5		
1390.5		
1395.5		
1400.5		
1405.5		
1410.5		
1415.5		
1420.5		
1425.5		
1430.5		
1435.5		
1440.5		
1445.5	
1450.5
1455.5
1460.5
1465.5
1470.5
1475.5
1480.5
1485.5
1490.5
1495.5
1500.5
1505.5
1510.5
1515.5
1520.5
1525.5
1530.5
1535.5
1540.5
1545.5
1550.5
1555.5
1560.5
1565.5
1570.5
1575.5
1580.5
1585.5
1590.5
1595.5
1600.5
1605.5
1610.5
1615.5
1620.5
1625.5
1630.5
1635.5
1640.5
1645.5
1650.5
1655.5
1660.5
1665.5
1670.5
1675.5
1680.5
1685.5
1690.5
1695.5
1700.5
1705.5
1710.5
1715.5
1720.5
1725.5
1730.5
1735.5
1740.5
1745.5
1750.5
1755.5
1760.5
1765.5
1770.5
1775.5
1780.5
1785.5
1790.5
1795.5
1800.5
1805.5
1810.5
1815.5
1820.5
1825.5
1830.5
1835.5
1840.5
1845.5
1850.5
1855.5
1860.5
1865.5
1870.5
1875.5
1880.5
1885.5
1890.5
1895.5
1900.5
1905.5
1910.5
1915.5
1920.5
1925.5
1930.5
1935.5
1940.5
1945.5
1950.5	